1509502272736268289
1509502273545818116
1509508919932207106
1509381093237174275
1509425531816656899
1509434922955677700
1509436251228848130
1509437533591150593
1509438728766427137
1509456333707354114
1509460291666563077
1509464556627767299
1509465919768174595
1509468550926376966
1509474196736249858
1509411188173639680
1509420295580692484
1509421775301627905
1509421776945745920
1509538478240976912
1509490062001688579
1509497528512827400
1509360660102090754
1509336050426073088
1509343631479832576
1509343633102757891
1509343633224638465
1509346630981632000
1509399697605251078
1509406391236190213
1509441152990302209
1509445325211291652
1509455049822552069
1509373219349966852
1509376448234082307
1509379565201903616
1509321866619588612
1509519754599485449
1509519754544963586
1509523571671973891
1509524525465042949
1509530538456989700
