1504397239992651777
1504399522025598977
1504409481832148993
1504308783249506306
1504308783601926151
1504314126222385158
1504319312164982784
1504355523348635651
1504248121488027659
1504250958519357441
1504252352932556803
1504252354010521601
1504260578675675140
1504446810038976519
1504447690662461446
1504452957957509125
1504455452070924288
1504296952166780931
1504304985722531840
1504429771740037124
1504436442524794893
1504437439363960839
1504440454250696705
1504440454556889099
1504441450553294848
1504348412002836488
1504414486387740680
1504420453045071873
1504278707162300420
1504284823657009157
1504289267618566145
1504373145058177027
1504373146622697474
1504381538141863937
1504385548060094468
1504264701240299525
1504266092683833345
1504267478544883713
1504270300917030912
1504270304104833027
