1503418941938585611
1503420183377022981
1503420184345862144
1503421359539597319
1503193697378209792
1503194857430466565
1503194859896770561
1503196093613453314
1503197415213617154
1503198660473016326
1503201226749628421
1503201228670607364
1503201230990057473
1503385992098627586
1503385992509722628
1503391688370233346
1503395041225555969
1503396203450576906
1503396204213772289
1503397401645703176
1503372055315730432
1503373286608097280
1503380331138850816
1503380333491798024
1503380334133616643
1503381471180083204
1503381474346680322
1503383081490788357
1503384900170182660
1503461786410004484
1503461786745458699
1503461787425034240
1503463228348710917
1503219382557847552
1503225208945131520
1503225211956592644
1503229909229252608
1503356258841153541
1503356259696848901
1503357621419614208
1503362673110487040
1503365094889209866
1503365097737146370
1503368656436305934
1503368659342868482
1503368659842084872
1503254380253892614
1503254383533846530
1503254384938926080
1503257297568493570
1503258815630028800
1503260483339665415
1503262149904379905
1503492098435301378
1503493618958577664
1503496631811031042
1503499410407243780
1503505013729300480
1503505013749993476
1503282097137532930
1503285813370626048
1503287623607013379
1503289533147852802
1503289533244264448
1503293242946772994
1503509203196989440
1503510653335658507
1503516657775521797
1503516659407015940
1503518146401087495
1503518149840408579
1503519702907293697
1503521282255695877
1503159654666444800
1503160372324446212
1503163505582747660
1503165148961288192
1503165909195763716
1503165913041883177
1503165914241703937
1503169276613648386
1503170909443657730
1503172470030880771
1503174043221979138
1503446297608691716
1503446298845929479
1503446299294666753
1503448811628285961
1503450069143633925
1503450071513321476
1503460463316717572
1503460463576817671
1503402077057429508
1503403284849209347
1503403284236849153
1503410964334526472
1503410965433487371
1503414320134250498
1503415469998579718
1503295022627954691
1503300518793334787
1503300519850389504
1503308092775317509
1503309824800481283
1503330902822338561
1503332484053979143
1503334056448217090
1503478916463443975
1503480383283036160
1503484875327815680
1503486358001750018
1503487900645789701
1503490719763161089
1503341583864901635
1503341583915180033
1503341588331872260
1503341588826791942
1503349174984753155
1503181816953405441
1503181819260379136
1503183487578296321
1503186994112999425
1503205673819324417
1503205676113625090
1503205677321408516
1503207020421214208
1503208443401981955
1503208444257398787
1503215322320449539
1503314851749240834
1503316833646297091
1503316834774392833
1503430795611967489
1503432344195244037
1503433158800248832
1503434366961131521
1503436684184141827
1503441526747287554
1503442727345831938
1503443973817479175
1503443973981061125
1503268421621981185
1503269984033726465
1503269984386093060
1503275043345903621
1503276689593405440
