1500763081630273537
1500767322482561025
1500769526090289156
1500771776866963458
1500745256345636864
1500748881713410048
1500752620230623232
1500739751854235650
1500793118907678727
1500841635277643782
1500843055980728323
1500843056928538634
1500939957359185920
1500942558075174912
1500943882233819140
1500951854783492098
1500953186063978504
1500969768949784578
1500969770157494278
1500971242060349440
1500971243155214345
1500971243746516996
1500972723669020677
1500972726009438214
1500975769702395904
1500977201566523392
1500978716469608453
1500929744006746116
1500656598519271427
1500657981574184961
1500660789774106626
1500662350671720453
1500663917915295748
1500665439260717058
1500665440074297344
1500623050685001731
1500623055583727616
1500623983493799939
1500623984504844289
1500626905602703360
1500627868652613633
1500634989075083265
1500636883541536771
1500636883864276992
1500780680787148800
1500784948235673602
1500865576847253512
1500865580790071305
1500866821406310406
1500868125708935175
1500875111838228480
1500875112660172801
1500877481615585282
1500699107605815299
1500710253716983808
1500804469327552513
1500806132553551876
1500814219436081158
1500815842740686853
1500882006745440263
1500884197690552326
1500885961730891776
1500886497938993157
1500886498706550786
1500888898934915072
1500888901321375751
1500893449503055874
1500671680061919239
1500675033420730372
1500676618167234560
1500678488474492933
1500680315127443461
1500682134595399680
1500851368927580165
1500851371209285638
1500851371679043585
1500852646701580288
1500853957220052998
1500859100330184705
1500860388354793480
1500863049393225737
1500910168086880257
1500912859139694606
1500914172091158534
1500915503082131458
1500918043290976258
1500918045270691841
1500918048609366017
1500820591233880065
1500825215936389121
1500901394420842498
1500902594100834308
1500907614116278273
1500908891089121284
1500908891214864385
1500908893597229056
1500648376508960770
1500651841851252736
1500651846150545416
1500683971503407104
1500683975542640643
1500687647601217543
1500689551899176963
1500693222536138755
1500693226360999940
1500693228848357379
1500695240016990210
1500954442123857921
1500955710649212931
1500962785974439937
1500962787148840962
1500967002432671748
1500967003313508356
1500718004518240256
1500718009274544128
1500719948880097281
1500723626420498432
1500723629826453505
