1504881187327647744
1504885510669582339
1504729465527623699
1504736181795184644
1504738862077300746
1504777418011459587
1504785808003379236
1504788947846967298
1504664233929490433
1504714156548710415
1504639183595335680
1504646554837299220
1504653521362522116
1504616789090656268
1504616789426294803
1504618036233478151
1504622622704775192
1504811591975510060
1504815257969209346
1504852614705520640
1504691057002393600
1504692983471357952
1504634630091292672
1504796237597274116
1504797241495724048
1504797242770796544
1504835654974418944
1504839952277729281
1504841718675378182
1504842624670253080
1504842624095727619
1504848021950980096
1504849903578664960
1504865953007472655
1504876034147164166
1504718535532109844
1504725617647968274
1504676213683539971
1504898367553519623
1504899419937812482
1504752687363293184
1504752688143257622
1504755491754311682
1504756901233545241
1504821281333596164
1504824951324352512
1504833098403438592
1504759546945982464
1504763171441156099
1504767076396896256
1504769669445533701
1504773725400543237
