1501812917662269441
1501743415364444163
1501743416849412096
1501749239122124800
1501771829823823876
1501774852415442947
1501780896650870787
1501780898861232129
1501780899515428868
1501783694150885379
1501819154084470785
1501820588624592900
1501893888604209152
1501893888516177925
1501900992488505348
1501914186489597955
1501918003683897345
1501790413262364672
1501793841967296514
1501797100669054979
1501849076601663491
1501851538226036736
1501855363976822788
1501870232838688770
1501886555782320131
1501717028565966850
