1503534173713477635
1503535934662639617
1503720826759094272
1503727888541138952
1503728806468665344
1503732253259563008
1503563019866939394
1503711650653904899
1503714433410940947
1503658198884130823
1503661665044381699
1503670002217455618
1503682608265367552
1503628664663343104
1503544799864913923
1503546459337203719
1503547944473092100
1503549457278844936
1503740041587310601
1503742489391476753
1503749470588227593
1503749654290345991
1503752838467436558
1503756706857332743
1503757663980572673
1503620394800062464
1503623275972284417
1503566656387256327
1503570072019046403
1503575697578762241
1503577788535947264
1503579791907303424
1503579794620837892
1503579797519482891
1503695912765300740
1503697944448536577
1503583807064055808
1503585488816410630
1503588701871300610
1503590214258032645
1503593349554458629
1503596734336978947
