1503899303353356296
1503903493752508416
1503906597327683587
1504127792606294023
1504133414710136834
1504139299477983240
1504140270614495240
1503947709144875010
1503949296332423170
1503949297229787136
1503949298647642113
1503952098358145024
1503955888549285891
1503955891523043329
1503955891694948352
1503955892466769920
1503958661466669056
1503991606214549514
1503996334268993537
1503997381238562816
1504001601727569920
1503934431261868032
1503939489659555841
1503940819304206337
1503980223658074112
1503981554623782914
1503981557975248896
1504081662648504321
1504083470515326977
1504083472305954818
1504087805659856897
1504090331775655943
1504094407355736064
1504097598637891588
1504099273503346688
1504011481490558979
1504030719881854979
1504030720422924288
1504031903720128512
1503915002360651777
1503918235959246848
1503920238290616322
1504142104896888837
1504154519252348930
1504155495363493894
1504112299375800323
1504114920157290501
1504118422245982208
1504121227786752000
1504124010287677444
1504037972030763009
1504044716916150275
1504046789854441476
1504048020748443648
1504048021780066305
1503960080747704321
1503961570153435136
1503968749098979329
1504065670597677061
1504067515009404931
1504072946930753538
1504053651689644032
1504054796747423749
1504058265319182337
1504061503519002624
1504064636345331713
