1501001150287716352
1501001155526148099
1501006530355036162
1501007785424732165
1501011042167570434
1501172254708846592
1501203934626598915
1501204798955261956
1501197323476652042
1501198174710546441
1501200910063738887
1501205678148435975
1501084260576337920
1501084264867430403
1501124060100677632
1501126416854917121
1501132849759809536
1501096933024227328
1501174209187356672
1501174211854938112
1501105619817873415
1501114043062697988
1501117954360221700
1500993662788030464
1500997219381657605
1501227520628191235
1501227521102483456
1500984891143602185
1500986531879612417
1500988118694084610
1500992930307198977
1500992931188072460
1500994697753501699
1500996218092408835
1500999505625374720
1501108653348167684
1501119043717287938
1501152354749403138
1501154823525134339
1501159785919660034
1501160983116582922
1501163346439151616
1501124080686321664
1501127972782280714
1501129264846245888
1501131848088719362
1501228349640691717
1501230056466960384
1501231772360577024
1501238649458991106
1501240425289498625
1501066771213828098
1501074995996356611
1501015497076363269
1501015498661806093
1501015499458678788
1501018464085221377
1501019953138483206
1501021429088718849
1501022943555555332
1501022944411402240
1501024469342556162
1501026030080962560
1501159314261688322
1501160549266214916
1501160550679691266
1501163117736349700
1501163118919049222
1501164272767967232
1501165481088200710
1501061384678772739
1501063323110055942
1501067470676840451
1501214613563756546
1501219116270731269
1501220975932755970
1501223563088392193
1501225251606175747
1501226001166061570
1501226002961162246
1501047636006109188
1501051518686044162
1501057462111199234
1501034424544157696
1501039104062074880
1501042343633428488
1501044054460866562
1501188215746748419
1501191636952358918
1501194093665439746
1501195698577891328
1501195701002379271
1501142120282742787
1501256543882338308
1501256544071163916
1501258479595626498
1501264240035856385
1501267174542831616
1501267966523895815
1501268938382053383
1501083111450234885
1501085667618557959
1501085670206550023
1501023869015969792
1501023869770993666
1501028565957197824
1501242984955789312
1501245845085245440
1501246772081053698
1501246771707662342
1501250732418289670
1501250733428989954
1501253737859457026
1501255621705879557
1501211375544246277
1501213963291398144
1501220940239478785
1501222629621047298
1501225841124339713
1501142430309142528
1501181939428036617
1501184693642969093
1501190198285250562
1501192468209016835
1501193559633973252
1501193561181675524
1501194346619895808
1501195177012170754
1501242403054882818
1501244464123187201
1501246930877255683
1501247840726642688
1501249518905425923
1501253097141719042
1501003301109837825
1501005659088818187
1501092025256579075
