1502348749208789004
1502283594512936960
1502295058615255040
1502105182594691072
1502105183135821825
1502106458682531846
1502107777950531598
1502193241403400192
1502199957352108032
1502125461870051333
1502126721470025728
1502129544643420161
1502087598696771584
1502301855900385283
1502302746959130629
1502330983017820161
1502335354933755919
1502335355655176195
1502340764302561287
1502343389081223176
1502140731443408898
1502223834971537412
1502234785078562816
1502236000529047560
1502236000982282243
1502165141554483202
1502172114454863876
1502172115369611267
1502174782242299904
1502212743281225729
1502215304365101062
1502243226052435969
1502246693860958208
1502275571967045644
1502280180127178752
1502075848253485064
1502082783463755792
1502313661850955776
1502316074116972546
1502321254627377153
1502325680142524426
1502153270885687301
1502156188469051392
1502255681864355841
1502264131046580234
1502265191731544064
1502267223003615234
