1508891935376916480
1508735084416757761
1508740333860888576
1508740335173783556
1508743245685211138
1508744750303748100
1508629602293456897
1508634204959133704
1508634207048052745
1508638884955107330
1508747561787707402
1508750599508140034
1508750603723456515
1508752106198609932
1508901109603217419
1508622564758736896
1508622565107015684
1508722387994480646
1508722393270865924
1508723754158985217
1508725227609636867
1508867574229995520
1508868603214450696
1508871557132668931
1508873628070428682
1508762038600105987
1508766345655365632
1508770362015862792
1508771662333763588
1508643672459341832
1508651313239715846
1508792953686446082
1508797467311190028
1508802206568488966
1508804803698343942
1508823339611168768
1508831692215234572
1508834214761750537
1508678896287322114
1508681492469231620
1508656516269756421
1508664745674657796
1508854781149732864
1508859966387589127
1508860874471133195
1508819274244186124
1508935952152121354
1508937094680305668
1508842937203019781
1508843801745534985
1508849552849354753
1508788274990497792
1508789188698771462
1508689241370415105
1508689241714446336
1508697545794416640
1508596398861668355
1508606924069212163
1508609648705871875
