1508263964169445382
1508263965041827846
1508267949089443844
1508267956249276416
1508277206551867393
1508373326762229760
1508373330155483138
1508375074637815809
1508376891039830022
1508376898342207491
1508380696003366912
1508588305650233346
1508491965742125058
1508491970318114823
1508503292086792201
1508503293512847361
1508537559214968841
1508537561471455234
1508539296818548744
1508542546145955843
1508542548700184581
1508544380558352387
1508546408869429248
1508548397288103941
1508355812468703237
1508358717833547778
1508360238248112132
1508361768321667075
1508368094460317697
1508428935771602947
1508428937839403023
1508432326958661632
1508434131956506631
1508434133466370050
1508437472161644544
1508440872211386370
1508442607747321862
1508442608523046912
1508460477151694857
1508460480448368640
1508462341167460366
1508462341322649606
1508464099897667589
1508464100023713792
1508464103341371401
1508467597104529411
1508469493055606793
1508473168700518400
1508397191043420161
1508417767694868480
1508425534778265605
1508477036763009026
1508482708040785923
1508486340685578249
1508488174233923590
1508342702039052288
1508348654830112771
1508352442332852232
1508519953283964928
1508523417284366339
1508523417271681024
1508523417510846468
1508525217932619777
1508527056715493379
1508532438011682824
1508532442902188043
1508403260461404162
1508411287004454919
1508411289873395714
1508446184628801536
1508449823124512769
1508451538733260805
1508451538150248452
1508508968800432133
1508510999825031168
1508516445608550402
1508282050339553283
1508289241863892994
1508296976126853124
1508304796905746433
1508304799196151810
1508307449710796801
1508561095497240581
1508233025003343873
1508235699413151744
1508236860501499905
1508238092573941760
1508239292828577797
1508246399850143745
1508255929333997575
1508257862853685249
1508257865462652936
1508257866297540610
1508261810549501956
1508309947037233154
1508315333744295940
1508317792843579392
1508322842462474241
1508564766268477441
1508570662671163395
1508578837155696640
