1509103148459200512
1509169577179049985
1509174222869909508
1509176075418411015
1509178817230692358
1509181532161904651
1509007092744876035
1509009896360247298
1509017172768702466
1509214488729464832
1509219622687371265
1508975089139826695
1508984160429477888
1509157444215222277
1509166974433124353
1508994929187381251
1509138545017073665
1509150908881547266
1509111579509415943
1509116476824997888
1509119193437908992
1509190996965298178
1509198504325005312
1508971953369014273
1508971954442747906
1509205428634365966
1509207296647307267
1509208320875417602
1509209358873337861
1509209360400015366
1509210345461669888
1509211417039314953
1509211417722773504
1509212401526312964
1509213508478582788
1509055767457972225
1509055770641453056
1509127200502689794
1509131587316813826
1509132621783388160
1509136596582518787
1509137615076921348
1509064509050269700
1509067212816101377
1509070396242513922
1509072435118850056
1509073538942132227
1509073538237743105
1509076828274794497
1509085812272545792
1509089219054084098
1509089219276386305
1509092657649397772
1509022593436864515
