1338184892719509510
1338192657470935040
1338193247529799681
1338193824259010560
1338195060333154305
1338195062598021130
1338196272906465281
1338196273661349893
1338196274407907328
1338091815573069824
1338091815849824256
1338092657885782017
1338092659160788992
1338102772974178305
1337260834616127493
1337261739700699137
1337261745119739904
1337262614204706816
1337262619082821633
1337262619925864460
1337262622031417344
1337263446501380101
1337264328127500289
1337266109045620739
1337266985822945281
1337267880866537472
1337274287905005568
1337275166749913088
1337275184454139905
1338084487880699904
1338088466362593284
1337413748978552832
1337414369005670403
1337414370561839105
1337414973929234439
1337414980380090372
1337415570912841733
1337416158757187584
1337417902807506947
1337419615383810048
1337420726123507712
1337421275325747200
1337421856106835971
1337422405598253058
1337422954695516161
1337422959145717760
1337422961402404874
1337423538475720706
1337424135979458565
1337424145458532353
1337424702025977857
1337424711794495488
1337425276641406978
1337425282471518208
1337425857183420422
1337425865060265984
1337731616765079552
1337731616916037632
1337731618677682176
1337732639453638656
1337733614210048001
1337735521586515968
1337735521787924485
1337735522555486208
1337737387364003841
1337741715374034947
1337774793937068033
1337777424633896960
1337777425900400646
1337777426445840385
1337779357780242432
1337779989509378050
1337780611537391618
1337781244277510145
1337781886966493190
1337783164891246593
1337783827620638722
1337784497060896777
1337785828261683202
1337786465338716160
1337786465560850433
1337787080806686722
1337787081326792711
1337787702616461313
1337653777600372737
1337661374051266561
1337667683102437377
1337744126385729537
1337750812714356736
1337751508104990721
1337751509015154688
1337753627897847810
1337754351939489792
1337594612920291328
1337604826780200960
1337604827602247680
1337572960253730816
1337573783712894976
1338122438308196354
1338124275929260033
1338125502536675328
1338128573987741699
1338129171155972096
1338129767334199296
1338129768366092288
1338131616913383425
1337880317181394944
1337880317219115010
1337880317609140224
1337882914869170177
1337884178751209472
1337886108659703809
1337886766271959042
1337889495379705856
1337891513703907328
1337892163930247168
1337892164358066178
1337701054146883585
1337702106451615746
1337702108305502213
1337706209818898433
1337707270205947904
1337712731856629760
1337713763592499202
1337517969295937544
1337518559531048961
1337518559866605572
1337519749060653058
1337520792968445953
1337523905125359616
1337524531720810496
1337525115974717447
1337526901741645830
1337526903809437699
1337527462968889345
1337528039501160448
1337529229869797386
1337531735593144324
1337955568946995200
1337956407983804416
1337956408768278529
1337957252649644041
1337958094408708097
1337958877430763520
1337960456879738886
1337961297724370944
1337961299733598210
1337962179513892865
1337963061072769025
1337963845848096770
1337964645882220544
1337964651687018496
1337966295317417985
1337966297066270722
1337967165853544448
1337968020405227522
1337968941726052352
1337968943374458882
1338276617349697537
1338285641310867459
1337216638379167744
1337218018133336070
1337219373753393158
1337219380753608705
1337220026449977349
1337220031168524291
1337220662344249345
1337220671739453441
1337222626087845889
1337223271968813056
1337223273923432448
1337224573322993672
1337225901327704064
1337226557019082754
1337227213545070596
1337228514689474560
1337229816374824960
1337230476495372290
1337972316668477440
1337973173644525568
1337974965124132864
1337974967556829184
1337975837153320960
1337976737431396352
1337978563983773697
1337979500148092928
1337980494533824514
1337982428175065089
1337503051402403842
1337505472803303425
1337505476393758728
1337506689935790081
1337506690107920387
1337506690938224640
1337507294574223362
1337507296562147328
1337507296772026370
1337508524310532097
1337509102004662276
1337509104559001603
1337509691421671427
1337509692218568704
1337510303609675776
1337510303970504712
1337510306361319433
1337511462261108737
1337511463653502976
1337516802834898944
1337517397121622016
1337898291535749123
1337898907230232576
1337903213337571331
1337903853069455360
1337903853472247809
1337906294167105537
1337626299762798592
1337628369739902983
1337635020094246918
1337635023478947842
1337673301611540480
1337673303268454400
1337674443825373186
1337675576585441280
1337678880371519489
1337396751750344706
1337397301619412995
1337397311324950534
1337397871533035521
1337397875291131905
1337397874678788097
1337400287108087808
1337400288802557952
1337401482702950402
1337401483130761218
1337405141616648193
1337405749274816512
1337406320136359938
1337406321004572672
1337406326343864320
1337406327396700160
1337406826464178178
1337406833166848002
1337407418507153408
1337407971299635202
1337408543759032321
1337410250631237632
1337410259309260804
1337410828086222851
1337410828711038977
1337411411476160520
1337411418757468167
1337988541335429121
1337997170788630529
1337998127089897473
1337687871050969089
1337692248264364033
1337351538625441793
1337352188935462916
1337352881821847553
1337354292534108160
1337354292886458370
1337354964168040448
1337355634216497152
1337355634367488001
1337356304684298240
1337356309373595650
1337357682555170817
1337358448137302016
1337358459977789441
1337359275035938821
1337360047261749249
1337360840866066432
1337362131273003009
1337362132191612928
1337362136566280193
1337362879704682496
1337363643214811136
1337364368267374595
1337364375561236481
1337365810399080448
1337365816522760193
1337925499624910848
1337926184945016837
1337926188166090753
1337926894067572736
1337926896319774721
1337928340032925697
1337928340905349120
1337929055363096579
1337929765148381186
1337929769854382081
1337933145493082114
1337933807232565248
1337933809023479808
1337935119999528961
1337935731608616960
1337935731680010242
1337936360712200197
1337936361362354178
1337936362142633984
1337936989312585728
1337936990453510148
1337937647344496643
1337939000783355907
1338138310674411526
1338138311341174784
1338140124815773699
1338140125742686209
1338140748890324994
1338140749507031042
1338150469697495046
1337911314711277570
1337918671461773313
1337921338435112961
1337921996265558016
1337923333640351744
1337923334189821953
1337924086870069248
1337924804268105729
1337924806889656321
1338170094610944008
1338170675631190016
1338177839581949953
1338179585054134272
1338008621242851331
1338010759054438401
1338046517995855872
1338050547899904000
1338052401195085824
1338057490311901185
1338057492367106049
1338031910510096385
1338037189767151616
1338041433408856065
1338044498560102400
1337577923965022209
1337577924216705024
1337580232438501377
1337583282154659842
1337583971916541954
1337589098266173442
1337589693639053312
1337592142529785856
1338065667988156417
1338069115236462592
1338072573708541953
1338075958130200577
1338242542492667907
1338242544552054787
1338242546091380737
1338243748401205250
1338243748736753668
1338243748980023297
1338243750074703872
1338244960148021250
1338245539935244288
1338246128614174721
1338246129448701953
1338246129637613577
1338247279401025536
1338250159826866178
1338251931479904257
1338252518544052229
1338252519290638339
1338254973180719105
1338256249725411329
1338197483223212035
1338198071386251264
1338199890166509570
1338201660934393857
1338201663186882561
1338203513285963777
1338203513709531138
1338203513713795072
1338204691445010434
1338205284284702721
1338205284683145216
1338206492500119553
1338206495360524288
1338207105094840323
1338207104587460609
1338207699562008576
1338207704834318340
1338208269681242119
1338208870699847680
1338209471261237249
1338210685038125056
1338211279580880898
1338211283120766977
1338211880746143745
1338211881782288385
1338211882411364356
1338211885301166080
1337185570527866882
1337185573283397640
1337186155645820931
1337187377941540865
1337187384904069125
1337187385206071298
1337189770204762113
1337190371760201730
1337190379754463233
1337192205686075392
1337192803240054785
1337192807186960386
1337192812710944769
1337193386210713601
1337193987724206081
1337195205464711168
1337196425655050241
1337197026468003847
1337197032415637505
1337197650198859777
1337199569394929666
1337426998344507395
1337427271590801408
1337427575728078854
1337428127258091525
1337428127564193792
1337428726611652608
1337429257220395010
1337429266552811522
1337430420485529601
1337430424520429576
1337431579392700418
1337432186430091275
1337432188145594368
1337432743915958273
1337433898092023816
1337433904702234626
1337433905499082752
1337433905964584960
1337435000971530242
1337435555282513926
1337437236606984193
1337438380225929223
1337438952433872909
1337438955139026945
1337440109575200774
1337440111332642818
1337440683465043970
1337820174116917250
1337820809323220993
1337822080025419776
1337823393446551554
1337824017810681856
1337827804730314754
1337828421070712832
1337829089793744897
1337829089722265601
1337829760706101250
1337834338516426757
1337293662645006338
1337293669808795648
1337293675869712384
1337295627802304516
1337295628787994624
1337296627527077889
1337297667819499522
1337297670386438146
1337298676415262723
1337299738975219713
1337299741827166208
1337299762241036288
1337302768483065856
1337302781619818496
1337303774377828353
1337304835129929728
1337851668143222784
1337853743627440130
1337860322653302785
1337860322758156288
1337862940318265344
1337863592897634316
1337863593853857792
1337864214128562177
1337864214417969157
1338227383594315778
1338228601146236928
1338229214043140098
1338229828965822465
1338229829783580673
1338230425538293760
1338231020143833089
1338231622995423241
1338232817604567040
1338232820548956167
1338233425786974208
1338234028147826689
1338237793672237056
1338237794368561154
1338238407785525250
1338238407785365505
1338239573193875459
1338240725847314438
1338241330464522240
1337382033501392897
1337383278232408069
1337383902638460929
1337384530219589634
1337385164427694081
1337385168416411650
1337385170840682498
1337385810224697346
1337387099843125249
1337389036177076227
1337389038408491013
1337389043001253893
1337389647933136899
1337389650726563842
1337390228714254337
1337390788733526021
1337390789886939136
1337393130648309761
1337393727732592642
1337394324217192450
1337394936518488065
1337394939341234177
1337394947088142341
1337395557535379457
1337395558634434561
1337396155727179777
1337396159338455048
1337321792126529536
1337327733014192128
1337328799797702658
1337329786881007622
1337332677242974210
1337332685015031810
1337335927291703298
1337335937202860032
1337760119048851457
1337761540515061761
1337764147207999489
1337764148445327360
1337764149145858048
1337764791742566401
1337768799152578560
1337769672482172930
1337770117086711809
1337771483477766145
1337772145506717702
1337772145531899906
1337772147209621505
1337772828381286405
1337772829387890689
1337773506948255746
1337773507099455488
1337774177156096006
1337774177328181248
1337609564305289216
1337610393552781317
1337612042841124866
1337613700069408768
1337614526276055044
1337617205886902273
1337622140825325572
1338016288828960768
1338024847872552961
1338026046768230402
1338030873082540035
1337232366536941569
1337233852050321409
1337234531934380032
1337234534954373120
1337235878721310721
1337237285562183685
1337237287277617152
1337238010073583616
1337238015895203841
1337239364062109702
1337240015806603265
1337241357698686976
1337242055089721346
1337243404623876096
1337243407996112896
1337244100765081601
1337244102430232577
1337244103826939905
1337244110269407232
1337245546550079488
1338294276527181824
1338297627729928195
1338298932154290176
1338299581457719297
1338300238218600450
1337442365515173890
1337442368358932481
1337443508039397378
1337444744281120777
1337447489335652354
1337449201194688513
1337452042466549763
1337452629845286918
1337453227248332802
1337455007659151363
1337548027578429440
1337552450744684547
1337552453089234945
1337556134798917633
1337556890801164290
1337556891795382274
1337557423733747713
1337557425902112769
1337558402894065664
1337561586160947200
1337940345410048001
1337941047708708865
1337941051848396800
1337942557238681600
1337943346556203008
1337944123635081216
1337944881952673794
1337945647060639744
1337947959430950913
1337947960315949056
1337949485260025858
1337950202263531520
1337950925009240064
1337952498460598273
1337952499731349505
1337953281541353472
1337954041259810816
1337954815809351681
1337954817155723264
1337954820162928641
1337532928545452035
1337533510337384454
1337534108881313796
1337535282430660608
1337536487265431553
1337538301964726272
1337540678935572485
1337540680860647425
1337542541017640963
1337543867370000384
1337543869336940545
1337544531894538241
1337545202689429504
1338213072838791168
1338213073312763905
1338213653632462856
1338214231880200194
1338214232807022593
1338214234791026691
1338215358390554626
1338216530824351750
1338217141099696129
1338217731842318337
1338221303787085825
1338223659282993154
1338223660977577984
1338223663007604743
1338224902269235201
1338226145087598593
1337489489149612033
1337490716499521538
1337491945032208386
1337493782455992320
1337502037676863500
1337639503654076416
1337641687380762625
1337647658941427712
1337650105634140160
1337865445475545092
1337866069030080513
1337869848173563904
1337870457886871552
1337874094658899976
1337874094876815360
1337457900961345536
1337458509705740291
1337458511970766851
1337459146002718720
1337459146136948736
1337460301273460736
1337460307250253824
1337460857551396864
1337460862278316032
1337464824666570753
1337465937855856641
1337465940959694850
1337469313704468482
1337469314467762178
1337469901812998148
1337277041901596674
1337277048319053827
1337278029769273347
1337278036710809601
1337280981384957954
1337280983117279234
1337281979268608000
1337285038073909248
1337285991439032320
1337285997772615681
1337288914042839041
1337288920153919491
1337290916021866496
1337836226728980482
1337838981149503494
1337840297590534150
1337842158922067971
1337842759827394560
1337845948899237888
1337845948991549441
1337848420267134977
1337849058375831552
1338264560558628864
1338266496443834368
1338267761932447744
1338269592985198592
1338272097773215751
1337201396173729793
1337202707908714497
1337202709527625728
1337203348278145025
1337205241108783104
1337205243780636672
1337205249233154051
1337205852025966594
1337207737386594304
1337207744009482242
1337208339705556992
1337208904564973570
1337208906427338754
1337208907194888196
1337208907975045128
1337209519110238208
1337209522872594433
1337210170477305856
1337210814370095104
1337211467930738689
1337212123110371328
1337212782303997952
1337213409016819713
1337215318742151168
1337215327151779845
1337215330897235968
1337790039137296392
1337791288058503168
1337793039104942083
1337793695874248705
1337793696046125062
1337794346842730496
1337795664168837124
1337795666106490880
1337796314420088837
1337796315087056896
1337796940864610304
1337798235889471491
1337798236715757574
1337798237093306371
1337798237298839552
1337798873880858624
1337798875529302016
1337799506474110981
1337799507539619841
1337800783023075328
1337802054987866116
1337802677208506369
1337804004030468098
1337804004290605056
1337307727152832512
1337307743993159680
1337309696571662338
1337310657482534912
1337311578048385027
1337312498987495424
1337312509380988929
1337313423961575425
1337313436049563649
1337314357873500162
1337315291550932994
1337315296701460480
1337316228520701952
1337320913449213953
1337366527545401345
1337367178719490049
1337367188676747266
1337367189280542720
1337367881416368131
1337368561308864513
1337369911857872896
1337369922570244099
1337371336579158016
1337371340693757952
1337372004207489024
1337372011979546625
1337372016584822784
1337375303577071616
1337377899385597952
1337377906863927299
1337377909745590272
1337379110612512769
1337379673001488384
1337380260824805376
1337380859410837507
1337381461494788096
1337381466729185281
1337475219645034496
1337476899463958529
1337479323310297089
1337479946541920257
1337483527961579522
1337484126828572672
1337485893393928204
1337487070449684480
1337246992330678274
1337249250472648709
1337249969863069697
1337250722744819715
1337250730772557824
1337250732110532611
1337251493926162433
1337251498699329536
1337253114512961536
1337254722915495937
1337255594395365378
1337255597423566848
1337256435454009345
1337257291721142272
1337258997598973952
1337259005140475904
1337259899185553409
1337338358012366848
1337342935138971648
1337342941715517440
1337343699806773248
1337345080865271809
1337345821151547393
1337345821587558400
1337345824582324224
1337345827962904577
1337349426755604481
1337350160079233024
1337350857101230081
1337804641795391489
1337805253761257474
1337805254016999424
1337805254470094854
1337805901604868096
1337806558063972352
1337806558617538563
1337807220344565761
1337807220424273920
1337807878971912195
1337809212819316736
1337809863674654722
1337810497912049664
1337811808040722434
1337814927650648070
1337814927755587584
1337816210084417542
1337818253352075265
1338153690692251648
1338153689572380674
1338153690876801025
1338160936453087234
1338161582010982400
1338165911270940674
1338106398505398272
1338113316779143170
1338113988081618946
1338115329604587520
1338116652970504193
1338118003175591936
