1343969579073228803
1343970166699413504
1343970166896537607
1343971302571446276
1343973612420616192
1343973612534050817
1343974196800532483
1343632921995976711
1343513716202086400
1343517526941167617
1343523721663934464
1343875083228614656
1343880133942325250
1343882687099056128
1343882687162032129
1343889466436403200
1343860380259426304
1343864899747901446
1343865525139615746
1343867384432533505
1343871919016304646
1343872544277987328
1343905107595960321
1343906264846393350
1343910484152639492
1343911698642706432
1343915825540030467
1343917660707426309
1343954278667472896
1343957863367143424
1343960811732131841
1343744702173085698
1343745277832806405
1343746473922420736
1343746476816670722
1343746477471002625
1343748963157987334
1343749159380279297
1343750821419298821
1343750823524716545
1343751426074419203
1343752040300875777
1343422009175384065
1343423271027425282
1343424566803099648
1343428529598439426
1343431913634029571
1343432567933063169
1343433911171428353
1343434592909287431
1343435994553589763
1343409134981541889
1343409810503589888
1343409810658586625
1343411108699369475
1343411727447293952
1343411727950622723
1343412945577979904
1343412945712115713
1343414168997818368
1343416506047213568
1343420251539722241
1344043660023881730
1344046501329313792
1343944971704012803
1343770503983620101
1343771840859127809
1343773118196719617
1343776415745863680
1343777116828160001
1343778550193774596
1343782747752509440
1343966566187204614
1343966566334009345
1343971205594963969
1343974091620020227
1343974094912573443
1343976406779228160
1343438034973425666
1343439438588735488
1343441561367977984
1343442283232804864
1343445765411270657
1343445767219015681
1343725912530030601
1343378286999728130
1343378887540056064
1343382867674599424
1343383488498561026
1343383488670609410
1343385890882793472
1343387595464531971
1343388726387474434
1343985143032274944
1343986846339133442
1343987999948869635
1343988586207727616
1343989162333122560
1343989740861861888
1343992010617876480
1343992559509639170
1343993117003943938
1343993674288533504
1343994862497050625
1343784795797508096
1343786268401029120
1343789745701351425
1343791208888479745
1343792701603414016
1343792703344001027
1343794194171748355
1343794989738946561
1343794990376370178
1343795756252065792
1343797341799776257
1343392584056627201
1343394914298687489
1343395492630306818
1343397321673826304
1343397913272217603
1343398528429785088
1343400389983481865
1343401001974460416
1343402814219968521
1343404037094387713
1343636110531039233
1343643924943020036
1344026327192662022
1344029725056933888
1344030915962548230
1344030915970953221
1344034452058468352
1343668120968433665
1344060536649113600
1344062336806445057
1344062338777825280
1344062906737045504
1344070582485344256
1343424706393870338
1343430002658971650
1343432660916559879
1343434670227169281
1343435356423647233
1343920057286619137
1343923643768840192
1343929108254908421
1343941589333397507
1343944692153667585
1343948317848428548
1343995917830127617
1343996475576119301
1343996477069291524
1344001154016038912
1344002268333543431
1344002840327376897
1344004009443479552
1344006413069156353
1344006416122654724
1344007022300246021
1344007613630062592
1344008787531886595
1344009378240851968
1343981615953928192
1343983943025119235
1343985073138315266
1343985637666516992
1343985637855268864
1343986212944678912
1343986804471574528
1343988519329550338
1343989056393392129
1343990207113277448
1343990797478338560
1343991385272233984
1343748259748184064
1343749472686387200
1343723867680870402
1343727795109847041
1343730708381110273
1343734371816099840
1343652870697197575
1343543510188912641
1343753836494774274
1343754403740864513
1343755626787164165
1343755627252867077
1343758711240548354
1343759984987955200
1343763934000668672
1343765276190515200
1343765914810892288
1343767901539618817
1343534974214008833
1343536189823983617
1343537419002503168
1343538034373873664
1343541691974901760
1343611922743230472
1343612522704875526
1343612522943934465
1343520286327660545
1343523893798121473
1343906707978776578
1343912644823146497
1343914470851141633
1343844996030586880
1343845697817337856
1343850393017733120
1343852411740254208
1343621862979469313
1343621863352770561
1343624719090679808
1343627108975861761
1343627109374124032
1343628305182973952
1343632532999458817
1343829176202063873
1343832158306246656
1343837330013097985
1343842949772275713
1343377301652828165
1343380183798214661
1343387989121134593
1343387991402831873
1343388580069126144
1343388582904360960
1343389166604677121
1343390854627557376
1343453934795563012
1343458467999170560
1343459180125028353
1343464700189802499
1343806099686912000
1343436711741644802
1343437375859535872
1343438055961735170
1343438058239242240
1343438759484780544
1343440904565129216
1343440905869656064
1343443811645603843
1343444511880441857
1343444513260515328
1343445246504435714
1343446655870365698
1343831556335534080
1343407761384566784
1343408375548309504
1343410814687064065
1343411421388922881
1343412704124420098
1343418842383577088
1343419395255775232
1343419397503913984
1343996635077029891
1343997219519811584
1343997222418067457
1344000606965542912
1344003611278323718
1344003612436025344
1344003615166492673
1344004813747589122
1344004813860843527
1344005985413816321
1343682227486531584
1343686421190758400
1343688844470730752
1343689445107585026
1343689445103562757
1343691825056518144
1343577680294391808
1343579549951348736
1343582041980465153
1343586817862463495
1343364731973685248
1343365955011956736
1343369603821436930
1343373698686976008
1343375480658010113
1343376085753483264
1343466771454566400
1343468758430572546
1343471022511632385
1343473951486435329
1343473953357111297
1343476065071718400
1343479699998089216
1343919822145548288
1343923429800620032
1343925235788242945
1343925820260286471
1343926411246120961
1343932468211150848
1343574173449379841
1343583930205818880
1343693651906588675
1343697196387102720
1343699609416294400
1343701376220737539
1343702552685240321
1343704339630747651
1343704339844513792
1343707334409912320
1343771746202107904
1343773091659452418
1343776473803587584
1343777867524521986
1343777867986055168
1343778550193774596
1343782747752509440
1343782748276703234
1343891094833131520
1343891094958960641
1343892907649069056
1343895301204176896
1343895301338386435
1343897078934740994
1343897700916453376
1343876153858281472
1343879313364578304
1343879314249576448
1343883750866903041
1343883751214952449
1343885620209463297
1343823641985900544
1343825322022760448
1343755714662174720
1343756328989286407
1343756898600943617
1343765216983715841
1343766525098950657
1343767205859577858
1343767210414788609
1343768539627479041
1343768542080987136
1343557463845593088
1343558612636086273
1343560349379948549
1343562071745687553
1343859771087200256
1343860431551660032
1343863642882772993
1343870636603572224
1344025781928947712
1344026343630057473
1344026343864901633
1344026347618725889
1344030463501819904
1344034707630141440
1343603047021359107
1343607734856400896
1343611238987804679
1343612397043511296
1343614769002127361
1343615364991737857
1343485003842392065
1343490134369591296
1343490856712626176
1343494390677966848
1343588623485165569
1343589746895892480
1343593826594783243
1343596746480513026
1343596746895716353
1343709105303683072
1343709698395168773
1343715853838258176
1343722411200376833
1343682059508850691
1343691710635732993
1343692313218994176
1343657987332685825
1343531567545778178
1343541209030135814
1343497633462104070
1343504209736577024
1343506762431942656
1343488465057546240
1343490617708478466
1343494191784095745
1343494882036473858
1343495619487428608
1343896118325862402
1343898592466132997
1343900396956381185
1343902168240115717
1343902762451562496
1343471419687100416
1343473708996972544
1343475933081186304
1343478119408136192
1343481072504483841
1343364522090881024
1343366936411992067
1343366939880509440
1343368690864025600
1343372809695883266
1343799585693724674
1343800330228740096
1343800333923966976
1343804329891794944
1344010582958235650
1344010585416065026
1344011162233544704
1344012942786895872
1344016487992975362
1344019408008540160
1344019408025489408
1344020003570507779
1344021210636627968
1344022951528714259
1344024091502772225
1344024650892914689
1344041083362275328
1344050461251407873
1343347581255094273
1343349831746658310
1343349834103840768
1343350422862524417
1343350991530336258
1343352115700396033
1343352117751410696
1343352684687065089
1343353231775129600
1343355455096107020
1343359573764296704
1343951495960682497
1343958585026424832
1343959752116756486
1343846290325721088
1343846903469883393
1343853087744778242
1343666649732427776
1343667865036193793
1343667865099108352
1343672658517323776
1343677318376673285
1343784178815418368
1343784881281617920
1343785601816924160
1343786993054969858
1343787692711006208
1343789796028678145
1343791190202851333
1343794718509916163
1344010523743027204
1344011672659357697
1344012243051036672
1344012246389764097
1344014544427864064
1344014545912799233
1344014546353184769
1344015746289053697
1344016973118787584
1344018148329185280
1344018149931425792
1344020420786315271
1344021622139670529
1344022808028991490
1344023403091529729
1344024599030333440
1343391627583209474
1343393419385860097
1343395820733935617
1343396442749059072
1343396443239952384
1343399468759097344
1343399472101879808
1343401280127918091
1343402522116050944
1343564556010864640
1343346033145880582
1343346591709552641
1343347172528574465
1343347758044950528
1343347759626276864
1343348326154919936
1343348326452895749
1343350010969264131
1343353923185356802
1343354506168426496
1343357475916042240
1343358078377463809
1343358648949600256
1343359220700213248
1343695916058947585
1343695916096761857
1343698361682112513
1343698949828456450
1343700635947032578
1343701239553515521
1343706637496954881
1343707220983341056
1343553902973743104
1343555063864811530
1344055980170960896
1343453320959172608
1343464594723880960
1343497802672975872
1343499170297114624
1343500457671618561
1343504324903768065
1343506335720222721
1343588659992297488
1343588659627393027
1343590401253535747
1343598461879369730
1343618325855670273
1343621905471909890
1343624681623072770
1343625271426113547
1343627533342933001
1343631718469742598
1343631718880845824
1343708389893922819
1343715014176288769
