1363988732102246401
1363993580646199296
1363994817001369602
1363718217789820930
1363718222529363970
1363718225750417409
1363720795122507780
1363720796762300419
1363722119599640577
1363722119931064323
1363724745045286916
1363724747616317441
1363726098182373377
1363726106520522755
1363727450769776643
1363728869958778882
1363896642601164807
1363900156555460610
1363900157901893640
1363901314460180482
1363901315814981636
1363902006512005123
1363903637009944577
1363905478128857088
1363907228814749697
1363908392356614150
1363910783822888968
1363790687142088704
1363791539927941120
1363792349344710656
1363794973943099393
1363794979152347137
1363800005287563264
1363803405534310402
1363804272023003136
1363948955894050818
1363952572374089737
1363956050165174276
1363640643067785216
1363643157200576516
1363643987475664896
1363644790072557568
1363644790756245505
1363644790802415624
1363646455509041153
1363647243723628546
1363651575697260551
1363652475857813511
1363654329127829504
1363977402364403712
1363979652914696198
1363980246077239297
1363982566504730636
1363881740377407490
1363881828466257928
1363882309666152453
1363888175618412545
1363888175718932483
1363888176763441163
1363889390326489089
1363891230078304256
1363891844392878085
1363892441997316103
1363893025647308800
1363894258151866370
1363837962656620550
1363842620607385600
1363842621932732417
1363843316115251201
1363843317918818305
1363843973446533120
1363685858315030528
1363688000907976711
1363689081176272898
1363690116351479808
1363693215505784832
1363694237741678593
1363695262489862145
1363852927098617859
1363856626378276867
1363857798497529857
1363858364162322434
1363858364967616512
1363858926308065288
1363859511656734724
1363862656214589444
1363700757833383937
1363703138025357315
1363705412013408257
1363705412222996482
1363708726436270083
1363708730622300160
1363710942194900994
1363712098019213314
1363730240455905283
1363736785314963456
1363740754305114112
1363755373849497601
1363755374210387971
1363756618194821122
1363759930986135552
1363675754274283522
1363682772766834689
1363932292087914497
1363932917668466695
1363932918352084993
1363938498076622849
1363938498160525315
1363765084497977345
1363765086050017285
1363766862568296450
1363766864476782601
1363767894551756801
1363768924781694978
1363772921701826560
1363775395766685697
1363870046452342787
1363873278931181570
1363873901395197953
1363875129017724928
1363878210635788289
1363879382633259009
1363879383442857984
1363879982162927618
1363775711270551553
1363775716035338243
1363784337636827138
1363656109525848064
1363656972260814849
1363659634985295883
1363660524358148101
1363664048974422017
1363665019129323520
1363665977825759232
1363666953932443650
1363667963853824003
1363667963887296515
1363668974026694662
1363958994159738882
1363966697124823044
1363967308582977537
1363967916224430080
1363968510452506638
1363971489725255683
1363911846181433345
1363923064707293188
1363923064979873794
1363923065722318853
1363925414347964419
1363823048059740162
1363823717860708353
1363805943767707648
1363805948553424896
1363809212439044096
1363810836758855685
1363819407391121409
1363819731459964940
1363820236936478722
1363820240946274304
