1359029276931067905
1359064950262538243
1359064950543589377
1359066783550820355
1359067714527129602
1359067714631958528
1359074709661356033
1359075575734931458
1359079165790720000
1359004784192225280
1359012264058236929
1359095896575799298
1359096660635320320
1359097445741957121
1359097452817645571
1359098232194953217
1359101237006766082
1359101991251705857
1359035280364163074
1359035628210565121
1359036283461373960
1359036285160103936
1359039451293491200
1359039456020492288
1359041470444011526
1359042497687789568
1359044492066770946
1359046469022437378
1359046473300774914
1359046475355836417
1359046476576481280
1359047459893256193
1359048379632861186
1359049299816972290
1359185645801979904
1359188023561306117
1359196488069304322
1359197650642481153
1359262316999700490
1359262929087041538
1359266655235407875
1359267265519181824
1359267267855470597
1359267869247246336
1359268484056821760
1359269746709917697
1359269749021106177
1359271673535614979
1359272956015349765
1358946281356365827
1358946969515925507
1358930367118381057
1358936047682486272
1358939695858802689
1358941140200873987
1359148021997535233
1359148020944748548
1359148610055716872
1359149809085657094
1359151038851411975
1359151661860728834
1359116523613409283
1359203002016542727
1359205449271308291
1359232096728875009
1358978777716465666
1358986405138079745
1359277459888365570
1359277462266515460
1359278793517658119
1359278795405078531
1359279429856489474
1359282723647586304
1359282726742810626
1359282726692655106
1359284092387291144
1359288197944066057
1359288199504416770
1359288929791393792
1358966633604276224
1358996792919035904
1359003207125463045
1359003979439562752
1359163515391598594
1359166373319106569
1359167569442312196
1359219454362714112
1359220081872539654
1359221938837745666
1359221938728693763
1359223860768423945
1359130321715929088
1359175504104988678
1359182678319222784
1359253655178862597
1359255533602021376
1359256153633521664
1359256153746640898
1359080013799305218
1359081704598700034
1359083445654331392
1359086614362746883
1359086618280407041
1359089773801971714
1359090572192059392
1359091351879622657
1359091355012767744
1359092119005138946
1359093599607001089
1359053016213585920
1359055777865084929
1359055780901769217
1359056750549344258
1359057694213120001
1359058847390982145
1359059528478846978
1359063177955168257
