1358779168046088196
1358782291934347264
1358782292559282181
1358782897658884096
1358785981613285376
1358786573379252229
1358786574025166849
1358788351315304451
1358566386713395203
1358567018295877635
1358567664306720769
1358569573822382082
1358570177013506049
1358572605637296132
1358573224024506373
1358574507737374721
1358575167061053441
1358575820722364419
1358578500156932096
1358580479633588227
1358829813969092612
1358830435745337353
1358832957985857538
1358834832403558402
1358703176279592961
1358707200424878080
1358708029752045568
1358712083404099585
1358628797017444352
1358628799491960834
1358631240887193600
1358632039310905344
1358632040946692097
1358632900309221376
1358636278795755521
1358637145007656960
1358658418890977283
1358661380468056064
1358667528109711363
1358668551624687617
1358642872287911938
1358647641400201217
1358648600851546115
1358656404702208003
1358656411136188424
1358811540166766593
1358813927522639875
1358814498715557892
1358816797030555648
1358817359474098178
1358819210688946178
1358819825313853441
1358821023626502150
1358822164221337603
1358728122364026880
1358728988403900418
1358729835195994113
1358766739551645698
1358767290120957956
1358777285550161923
1358611901882671105
1358613949596508161
1358614667904581636
1358616642633297925
1358616644612804610
1358616644902387712
1358619358902185984
1358620769975033858
1358622287600234502
1358622289563115520
1358623876784156673
1358624677669658624
1358625492048478209
1358626309174398976
1358885260252053504
1358887131754737664
1358887131918209024
1358888363068112898
1358893319766605825
1358893320672403457
1358735522508718080
1358738009882001413
1358743748725907456
1358743749866778628
1358748393657552902
1358749889132433410
1358750603116244992
1358751972808151043
1358753430685163520
1358754158766006278
1358754856547348482
1358755508312760321
1358599441264111621
1358602129301250048
1358602132119814144
1358608724265373696
1358608724454178821
1358608726073044993
1358608726761046016
1358609972330905601
1358610633198104576
1358610636607995905
1358611238272585728
1358913669078396933
1358916145177374721
1358919990121025544
1358920689365831682
1358673653014147073
1358674654185988098
1358675668066836482
1358679681378230280
1358681675836891137
1358682632230481921
1358683556059484160
1358683557124845570
1358841583777550343
1358843343808167939
1358844546591973380
1358846292718460935
1358847970758787073
1358852644807262223
1358875945583718402
1358878937783234562
1358878938089586690
1358882357865033733
1358793918607994889
1358795178711142403
1358797711538085888
1358798994747580417
1358799475029012481
1358803004657438724
1358804760367923200
1358805372937658368
1358581704450068480
1358581706530390016
1358582349877813250
1358582954457374720
1358583594642513923
1358584253383139329
1358586309162508288
1358587631781642241
1358591991748194314
1358594347491549189
1358594350335295493
1358690188973789184
1358691133359067137
1358692081393426432
1358693050944471041
1358694020982206465
1358694027613401088
1358694931657850880
1358694931750150149
1358696819379875841
1358698645235892225
1358901619300196361
1358913032072658951
1358853829152935937
1358853829639430145
1358855026525933568
1358862027712733186
1358865015298813953
1358865611946942466
