1359367195877335041
1359418961549553664
1359423462486532096
1359307979137314816
1359310385095053314
1359311180079185922
1359311995749752832
1359315961652727809
1359315966312726528
1359316759849828353
1359317543723429889
1359318370735300614
1359320056740593666
1359320933660413958
1359291761537990659
1359293145662574592
1359293145742274560
1359293146518159366
1359294640617385994
1359296934519988225
1359302228566155268
1359303850578964483
1359322587357151235
1359323446878953474
1359329430661865473
1359332914501021699
1359335555230797824
1359401694845669377
1359407112791670785
1359408148583489536
1359339732459806724
1359339732354945024
1359347065474621440
