1364394724417757190
1364399428698845186
1364400215801827332
1364402629787410439
1364402632802979843
1364403402801745926
1364404877229654017
1364409391294816262
1364514578567204868
1364370533199052802
1364374274883084289
1364374278481788929
1364375007170875392
1364378032614608896
1364378036280324099
1364381771081658368
1364383221463605248
1364386241542643714
1364387030432587779
1364390086775693312
1364412695445860355
1364413533040082949
1364417772441264129
1364422213345177600
1364431188396445698
1364438651648831488
1364440895643291655
1364443035170349060
1364444097688166405
1364446182328602627
1364451559539699712
1364493286606577666
1364493287042654211
1364460455029260289
1364466000398229505
