1364336938287853569
1364344401179205632
1364348233548369921
1364348234278313985
1364049398280318976
1364053530751864832
1364056970022502400
1364248265164656641
1364250105751216128
1364253553100021762
1364256521362804736
1364010010326556672
1364011382241435648
1364333665304649735
1364099580648972288
1364107426589511681
1364155479149150208
1364159405810401280
1364159407022571521
1364160969686081536
1364163395566641153
1364024801132761091
1364024801547984897
1364138716349018114
1364140482692079616
1364143028886241280
1364143900668145670
1364145642860392449
1364146467846422529
1364148066874314757
1364149756096901124
1364149757913010177
1364151398451924994
1364279376326623233
1364279376444014596
1364304189053145099
1364319031944220678
1364235003291435008
1364235602204520449
1364239078166790145
1364240872091516929
1364242382032691200
1364186140127944711
1364189553138028547
1364192150229983238
1364172649816064004
1364175638001721344
1364177047468212229
1364177711464386567
1364180534759469056
1364181238320402434
1364181957244985356
1364217171732226053
1364221334633373710
1364223042650599426
1364223092105433093
1364223629886509064
1364063292998774785
1364069897517469698
1364076065245831168
1364199100045021186
1364211285391474690
1364260759115546627
1364268416824193030
1364272720087810049
1364108444127608832
1364117655570051074
1364125577276366848
1364128413695492097
1364131039455686656
1364355414100348929
1364356047721398272
1364361431920091137
1364362130976342018
