1445152729563754496
1445155304698630156
1444877797395156994
1444889189841993729
1444859984752173064
1444861436539195398
1444861437835296771
1444862865685368835
1444864255329591301
1444867068046626825
1444868527329091587
1444868527836393478
1444868532177489924
1444872993549717507
1444995808525438981
1444998262277042181
1445004301412229123
1445005484079992840
1445006599240704006
1445008858414555136
1445009934366744579
1445015115926056964
1445016119144759301
1445017207117918211
1445019320719921160
1444894208796475401
1444895799054266369
1444895800102817797
1444903658244739073
1444903658773221378
1444903660715077638
1444849422383333377
1444855894454513665
1445103644651655177
1445107108010237959
1445109636391215113
1445111282672279572
1445112185693212678
1445113999226392582
1444905148451409920
1444905149139505154
1444918044996751360
1444918051216891909
1445032240128438274
1445037069747752962
1445037070527905803
1445041015463813123
1445044697529937921
1445047487346135040
1445049832876412929
1445052676924968969
1444954075183919104
1445071515356221443
1445075376900870146
1445077200194129934
1445077202899505155
1445080790547714049
1445080791835418634
1444972845428199425
1444975519284482049
1444936931297607680
1444936931847061508
1444936931884867584
1444938275844673536
1445059298426429447
1445062118848569372
1445063946931785729
1445068645030408196
1445069576513863687
1445070517564846089
1445070518948794368
1445120777343406083
1445123863344467971
1445125549249089537
1445131239715901450
1445132798952493056
1445137463593390086
1445138320984612864
1445164142717915148
1445169962079989763
1444923796142661635
1444925231739588610
1445089029368778753
1445090001981689872
1445090972228993024
1445091897819549699
1445093876700639237
1445095824040636422
1444982657205641216
1444986668466020354
1444988019707039760
1444819485056110592
1444823476959727617
1444825095742976001
1444825666608713732
1444826275877691396
1444826856633610241
1444828591104090116
1444829178818449408
1444834698023342080
1444836998557143043
1444841618629177345
