1450790176918282247
1450806500469977101
1450628930034094085
1450629848838205440
1450722698716450823
1450727936626237443
1450730824509296640
1450654540055863298
1450824516322709507
1450828425791361028
1450833406447734785
1450833407823556611
1450835845401890828
1450837071975833613
1450749071015092236
1450749999269269513
1450749999550140416
1450754114149916675
1450757798090919937
1450757798984310785
1450758803528560645
1450760801686638592
1450760802995216393
1450813276644909061
1450818774597259270
1450823285235720196
1450669112728956929
1450669115602096129
1450714764255105029
1450716779450404867
1450769249429950468
1450673114656956417
1450682463676780548
1450684829016727556
1450614732524826626
1450624414714765315
1450695857515474947
1450700576438824961
1450701681977708546
1450733984695169028
1450747156969791489
1450747157066125314
1450748170317832194
