1449998126828306435
1450002176852463616
1450026537516945412
1450034218902294534
1449922248605851648
1449922248928899077
1450160971318800391
1450160972392550403
1450161732530409479
1450163320497991680
1450164097635348484
1450167313588756486
1450167312535928836
1450169588335980548
1450171081227059205
1450171883496869889
1450172635631996929
1450190715649146882
1450190716362100736
1450191552412852229
1450197390267387904
1450199259060527110
1450200353534889987
1450203459656065027
1450204153700098060
1450147543128608771
1450150494433910792
1450151979955757064
1450152701195603980
1450154977704349697
1450175494226391042
1450176271330254854
1450180267650568194
1450185848348045317
1450185848910229504
1450186685254352898
1450188315592962056
1450188317853638662
1450189913220071435
1450298270421372930
1450302683005530112
1450304260755779585
1450305982538604544
1450305984337960965
1450087095964356610
1450088973976711178
1450092310750973957
1450094188540928001
1450094188683567110
1450095437428441094
1450098614139752451
1450251071897616393
1450253252914782208
1450254007281274884
1450254718379376642
1450257550268514306
1450229839223472128
1450233152878911489
1450266832003379200
1450269341853929474
1450272804893564937
1450277272942940162
1450021745767993346
1450057038504112137
1450057041846931457
1450065071678296071
1450065072458383360
1449948745098006530
1449954072602288136
1449960818536325122
1449962468877512704
1450041815638364161
1450044817241788418
1450047561340006400
1449983127317725186
1449984599027765251
1449987438282149889
1449988914077446148
1449904441214136321
1449905121706532867
1449914128244609024
1449916819662426115
1450284788548390913
1450287401817939972
1450288191077031937
1450291623942705152
1450294943214292993
1450100488440057858
1450104764163891202
1450110159477428226
1450110161029316615
1450111557162123264
1450132224217550852
1450133673467019267
1450137360813989888
1450141832940331017
1450141833342881797
1450141848907833344
1449895755355869186
1449897505743728644
1449899929032433669
1449899930982797315
1449900554927452163
1449900554398810114
1449901846655610883
1450240485491150852
1450245401701797893
1450246819489980416
1450127319792816131
1450076217974079488
1450083256653828100
1450206180211630091
1450206181084049418
1450212021165768706
1450313081737859073
