1445671700100632580
1445585789631361024
1445586692832825352
1445592938801729536
1445592940294803465
1445592941540495366
1445594811038253056
1445599620881551366
1445737437913706509
1445745757043126283
1445747111883014146
1445697590348029957
1445571079645270027
1445582342630772745
1445582342811054085
1445583996692295683
1445539597207801863
1445545092148695046
1445551865505083394
1445648266385715204
1445657068216537096
1445677562043142146
1445685749261553665
1445685749966262278
1445752510363226125
1445755953760989187
1445757269015097363
1445761923778113551
1445734798685790208
1445705871669923851
1445710919393153030
1445715498751066123
1445720339560943616
1445559554503176194
1445562893903171603
1445562895710883842
1445563742700384256
1445566893524353027
1445568577600249857
1445569448006406150
1445616721952268290
1445616723973926915
1445624947104124936
1445630059436331009
1445630959689166849
1445602521821581320
1445608717974577157
1445609783881449472
1445612662587641856
