1445301571265257474
1445308758398222338
1445312310994735106
1445226642906009601
1445227401747877894
1445230658654244870
1445231493597458436
1445233257726029824
1445234994872422404
1445234995333894144
1445177832028639234
1445181138473996293
1445181138964725761
1445181139564392449
1445182836324044801
1445184555963588608
1445185346820612096
1445185348288475137
1445186951410184197
1445186952366628869
1445188383240773635
1445189918204960771
1445284719239774211
1445295676087160837
1445296508853755905
1445270677418696705
1445271830013435907
1445275234702069762
1445280924887764994
1445243325997518852
1445243326731591680
1445244294948798465
1445208567473008644
1445209328827371520
1445210218623873031
1445210218883960832
1445214346246713346
1445216163084918786
1445217065745276931
1445221361979363330
1445192415892099081
1445193949530886156
1445194637933694978
1445195457890750466
1445197026837237760
1445197841178058758
1445199534271959043
1445199534875885568
1445204560977567745
1445204561333932036
1445205357123473413
1445206887373238275
1445206887826436104
