1446299685161893889
1446299686042841100
1446306447923589127
1446308375046787074
1446446801167523847
1446448367853346819
1446450579354554386
1446452060375994371
1446453588964823041
1446455101489561610
1446419830484226060
1446423748115111937
1446390843821027329
1446393451830861828
1446463560259866634
1446473747356135425
1446475074744238082
1446440698463457283
1446442211122597888
1446443724762910736
1446340696894492675
1446340905896534020
1446346198915289098
1446353623915458563
1446477040182435842
1446482775268368390
1446485718776287234
1446486507112566789
1446486507443920927
1446488032262213634
1446400142010052609
1446401322626998297
1446402486378524673
1446374088931487758
1446375066120433665
1446377057102016512
1446378188695752705
1446281021478080513
1446282939101220866
1446286645519523847
1446325407679016968
1446330666002501633
1446333916604944423
1446266075897901064
1446267762570113026
1446267763895513099
1446271972342702082
1446321732885745668
1446321733573644292
