1243293811805126660
1243135460433481728
1243026563869945856
1243163499334901761
1243169350082797575
1243221376300957699
1243222290554163201
1243222722320236547
1243233493561176064
1243239508407017472
1243239508444921856
1243250661099212809
1243043432832081921
1243194272574312448
1243181417405788161
1243273687505256450
1243273687568125954
1243274908030902272
1243061246657802242
1243083874479022080
1243298455558250496
1243298899776897030
1243305396397277184
1243322887102173189
1243322945230888960
1242998201344561158
1242998608422731779
1243003658674946048
1242981672020103168
1242993122688159744
1242970603503656965
