1243886978808057857
1243887528270127104
1243887532791582721
1243887532863107072
1243892318173880320
1243892326558085133
1243892859150966785
1243898240724094977
1243898240552054784
1243934747648315393
1243935339221311489
1243935343046516736
1243940926172663810
1243940934292815872
1243737464503595009
1243738565906923520
1243743911379689472
1243743919684243458
1243748872951861249
1243818196341149696
1243818749494349824
1243819308179955712
1243819308465229831
1243824722879680514
1243824722892271616
1244026212948869120
1244026213196316672
1244026792215748609
1244027357909807107
1244032832009375745
1244009364517617664
1244009364408713218
1244009368586268672
1244014715208171522
1244014724641062912
1244015278511607809
1244015823561338882
1244015832470032385
1244020738463391744
1244020739188994052
1244021309761191937
1244021309945896960
1243756011392991232
1243756014802857984
1243760827317899265
1243761376084078592
1243761379884118016
1243840870652080128
1243840870832431105
1243841440997715968
1243842007824465920
1243842008029921281
1243842010869633024
1243846860009340930
1243847431319687168
1243847434951933954
1243847439033012224
1243848022242529281
1243848022980579329
1243852912499003392
1243766153975119880
1243772134595362817
1243772134616432640
1243772135241367555
1243772666953314304
1243778010752274432
1243778587427131394
1243917244565864451
1243917244947664899
1243917248991027200
1243917819504463874
1243923393675702272
1243923976667234305
1243928808392097792
1243928808824213504
1243929924563603456
1244038237976506369
1244038237925953536
1244043648783843328
1244044206894653441
1244044210912686082
1244044785289224193
1244049613000081409
1244050179822686209
1243783409526288385
1243784000239316992
1243784000423919616
1243783999861841920
1243784553719873541
1243789456764616704
1243829529715458049
1243830100342321153
1243830675012308993
1243836072364138496
1243836076558438400
1243691557586448385
1243691561835204609
1243692128389103618
1243696930733072387
1243696934914842625
1243696935074029568
1243697509328969728
1243698084078592001
1243702881129123841
1243703428053753857
1243703985384624129
1243703989620953090
1243981035987021825
1243981040370061314
1243981640109457408
1243981640176750592
1243986463827476481
1243987051126685697
1243720129545940993
1243720137905254405
1243720141847908353
1243726106747953153
1243726106747899908
1243731483434430464
1243946298669060097
1243946869333483521
1243946868708642816
1243946873204989952
1243946873163046913
1243946877457842177
1243951650949287936
1243951658821967872
1243951659002232832
1243952749403869185
1243957728206356480
1243957728130842626
1243958311512412162
1243870910559457280
1243870910622425088
1243875151839735808
1243875155148804096
1243875704539942912
1243881639349895170
1243963146773114882
1243963147632799745
1243963705244545024
1243963713293553666
1243964275821068290
1243969111677448192
1243969115599052800
1243969115825541120
1243969116018376704
1243970218663297024
1243970219258896384
1243970223524286464
1243975617021952002
1243708800659570690
1243714215937884161
1243714773423992832
1243714781665619968
1243715335653437440
1243715339323490304
1243992549771096065
1243997419089477633
1243997423082434571
1243997423422312451
1243998014823215105
1243998014781431810
1243998022746411009
1243998572388864001
1244003408320827393
1244003412628262912
1244003966616305665
1244004537175887873
1244004537322680320
1243903630241083392
1243904179606880256
1243904187798257672
1243904754046009346
1243909571803885569
1243909581777952768
1243909581794877442
1243909581941682176
1243912853469507584
1243913428047101953
1243858327496544257
1243858331778908160
1243858919384068097
1243858923410595841
1243858927227244544
1243864317134544898
1243864900255903744
1243869756895006721
1243795321496403969
1243795874011996165
1243795874628554752
1243795874905337856
1243795881050222593
1243801351882027009
1243806733614669824
1243806737989283841
1243806741621432320
1243806741969752065
1243807307869220864
