1239791144432795649
1239791723473022976
1239898069631668224
1239914804980187141
1239915409157079046
1239876196441128960
1239742205465591808
1240020195223252992
1240020194057170945
1240020803531538434
1240025711085305856
1240025714923110408
1240031184178085895
1239931133678063617
1239932311774232577
1239932311984111617
1239937118752968710
1239937668265291781
1239937672124170246
1239943120898396161
1239943124862074888
1240053535749922816
1240053535804256257
1240054123304824833
1240059672402579458
1239953627474808832
1239960288192950272
1239965132261748736
1239965132513406976
1239965132597235714
1239965132362403840
1239970606063337474
1239970606176559105
1239971197313400832
1239731807681155080
1239731807580545025
1240009281711280136
1240014721589411842
1239903450969903105
1239904029645258752
1239910094793515009
1239774098978267141
1239703831547699206
1239709376375451648
1240042089536270341
1240047546409660419
1240047546279628800
1240048129522589698
1240048712602312704
1239748429821034496
1239825781167013888
1239982195101622275
1239813689148047361
1239998464399945728
1239999005511352332
