1241093970714923008
1241099994003898368
1241072122442604545
1241032737831542790
1241032738116751361
1240869189625065472
1241004275829837826
1241009405044424706
1241010009183588354
1241010009363714050
1241010592195870720
1241016023723188226
1240852378691174401
1240852949246631936
1240863824833642501
1240864357925486592
1240976647681163266
1240982716654522368
1241145996786061312
1241146626212687873
1240809974349148160
1240830744701865984
1240830744764841984
1240799203409850370
1240799769552777216
1240804589168803840
1240960336263557122
1240965146933178368
1240965725612843010
1240965725608534022
1240965725872893952
1240886029797568512
1240886587619082241
1240892534944960513
1240892535297327107
1240920318442700800
1240920322339110912
1240920892798046208
1241077541382873089
1241083552063766536
1240836138555838467
1240846704124936193
1240847006005788673
1240847572446707712
1240926370915594240
1240931210672529408
1241122294929424387
1241049129305772032
1241049129272426498
1241055118365204480
1241027306518388738
1240898667357192192
1240904090932166656
1240904094509748224
1240908985097752576
