1239239354217873409
1239067102839013377
1239211315387748354
1239129915787747333
1239135905971163137
1239141287405780992
1239307612371529728
1239004640747765760
1239228431730200582
1239199579645587457
1239090524281286657
1239096580495548418
1239107531613536258
1239108102068285442
1239010076981067777
1239010655547654144
1239016716379750400
1239021531457445888
1239158316397256705
1239158874655133701
1239328550353862656
1238987692085403650
1239125089054076928
1239033019756769280
1239044575290851328
1239045183712440320
1239050057342648322
1239170362170134531
