1244858514624962563
1244858518168952832
1244778566451105798
1244778566467780608
1244778570485886976
1244779790952992769
1244779794824388608
1244824896229617665
1245019201707765760
1245031566780198912
1244875765805711360
1244876309991325696
1244876310591176705
1244876310863679488
1244881712800305152
1244961664186925061
1244972477643517953
1244922078207320067
1244926943541297153
1244887144444952579
1244892517243301891
1244892520993239041
1244973072781885441
1244984015159021569
1244984607319027720
1244796614243430402
1244801471704686593
1244801475781570562
1244802507567595522
1244802507680788481
1244897973668110336
1244898548526673926
1244899123150516226
1244904664442650624
1244904668037361665
1244909512412332032
1244910622850023425
1245128451054501889
1245129083991670784
1245127024882135042
1245127624957059074
1245132548864217088
1245132548910592002
1245133743968456705
1244927497923371011
1244938205620776960
1244938733910020096
1244943922310393857
1244944715067392001
1244949672680198146
1245048884876976129
1245054169888763905
1245054169972486144
1245060184415899651
1244818865139441664
1244819447975514113
1244819448277749760
1244836929759326209
1245097023277281281
1245102597612109826
1245120783933988865
1244989476507734016
1244990064163250177
1244995491374530566
1244996057660088321
1245000776222756864
