1239432565238517760
1239437589368766466
1239692272104550400
1239699016763559936
1239385915706900480
1239396074646671360
1239605680748855297
1239605680589463554
1239606263618519041
1239413107534913536
1239413107597946880
1239494347554521090
1239494347516547075
1239362994162860032
1239561057502466049
1239454795003506689
1239455407032143872
1239572940049580035
1239652770099142656
1239516325292183552
1239658226918084608
1239663688161718273
1239664870854922250
1239352126607962112
1239419173236658178
1239675193032916993
1239680691782238208
1239681870117429254
1239630175274512391
1239635741371772928
1239385316089307137
1239589402847961088
1239527280768176137
