1238624670699659264
1238788277806796800
1238788966138159111
1238794976282238978
1238676315231961088
1238682317247229952
1238834243180077056
1238704463373914114
1238704463658942464
1238705033534820352
1238952938162122753
1238952938065674240
1238953571124731905
1238743114170241024
1238743114384359424
1238748906021781505
1238935581993971715
1238777150452436992
1238778207232380928
1238664936185712641
1238665468728283141
1238717927274065920
1238718468217802754
1238754299678806017
1238760973323743233
1238631235024384001
1238636627863302144
1238641573723656192
1238641573811937286
1238642672736374784
1238913284763455491
1238893089348960256
1238900718993637376
1238901893344169984
1238659466544865283
1238918708380262410
1238919245062221824
1238930716483821571
1238851716642222082
1238730321098506240
1238730325187891201
1238735165649604608
1238881555063455745
