1238240258409607169
1238240820370837506
1238245652649345024
1238247640644685827
1238248768916672518
1238196759379279880
1237937303986868224
1237938255745728513
1237938260363694080
1237938264373420032
1237949203441053699
1238104577087623168
1238104350037356544
1238104581223178244
1238104580019367937
1238105705447673859
1238110645947695106
1238110650255065090
1238111220928045056
1238111229345849344
1238116073809031176
1238116656632782849
1238117243730497536
1237966814992191488
1237966814891687936
1237966819362852864
1237966819517804545
1237967276390756353
1237972582139416577
1237973056552747008
1237973068732985345
1237977770778476544
1237977771198029824
1237977779427094529
1238012353330974720
1238018829541732354
1238018832763158529
1238018833195184129
1238024234993168386
1238024239770259456
1238211322006781952
1238211913550462976
1238217252899557376
1238150907109441541
1238151494203047936
1238156279761207297
1238156288539975681
1238162660031516672
1237983458405896192
1237983952918343681
1237989175032332293
1237989670685827072
1237994993131728897
1237995588282548224
1237996167457316864
1237996175170498561
1237926763780542467
1237931637733646336
1237932619117068289
1238042102786859010
1238042102908542977
1238042102996574209
1238046964392103939
1237954491959218176
1237954954133987331
1237954961977327616
1237955423753375744
1237961128145309698
1237961588906196992
1238029599696736257
1238030195174629376
1238030199754764289
1238036146929700864
1238133404467675138
1238133408376565760
1238133408225730566
1238133987375222785
1238133995893862407
1238134574632390662
1238139431737065472
1238140006289588226
1238140010471116801
1238140014443130880
1238140014531350528
1238144892876054533
1238144896877441024
1238145500920111104
1238146075560730624
1238223707807547392
1238223716007448576
1238179047063998465
1238179050520264708
1238184482554945543
1237891150230343686
1237896686594174976
1237897235842486280
1237902059195772931
1237902609014546437
1238168229652152321
1238168233896747012
1238173589834289152
1238093248125493249
1238093248167653376
1238093252508749824
1238093844014665729
1238093852126277634
1238098709109452800
1238098709365182465
1238098713580462081
1238098713605599233
1238099762156433409
1238099762160820225
1238001153666772992
1238001628285935616
1238076298725113860
1238081726309597185
1238081730751365121
1238082312627032069
1238082317727522818
1238082318167945216
1238058397729034240
1238058934713237509
1238059450604240897
1238071442375413760
1238071446330470400
1238122075673391104
1238122650175594496
1238123199604424704
1238123199604199424
1237907436536659968
1237907444870705152
1237907990390415360
1237914054762659840
1237914641927475200
1237914650584498177
1237920107369816068
1237920111446687745
1237920111702523904
