1244643693925150721
1244648630549721090
1244649189104996356
1244649192682737664
1244649771530358785
1244649771450675201
1244419374468956170
1244424193556598784
1244656176295555072
1244656176387760132
1244661003813560322
1244661574389940231
1244662161655414785
1244662161772855296
1244534881465577472
1244539707805052928
1244539709013078016
1244539708895608832
1244545099171876864
1244545682100363264
1244545685925445633
1244545686030430208
1244545686630096896
1244546260780138497
1244546260872450048
1244546264441774086
1244546264630472705
1244568481695174657
1244569052275544064
1244574512622055425
1244579873584222208
1244459425554763782
1244459966867460102
1244465343784816642
1244465893654003712
1244470716847677441
1244471262098882563
1244733048610009090
1244737961465389061
1244738544322727938
1244738544410726404
1244744575962546179
1244744575782195208
1244767149480185858
1244767149685694465
1244768260849098754
1244522802591477766
1244533690149076992
1244533690882904065
1244533694146195456
1244534277548761088
1244591156052340736
1244591160359882753
1244591713995444225
1244592276602413056
1244625511135002625
1244626069686235136
1244632189326839809
1244637046410334208
1244551100704776193
1244551105414979584
1244556494932267010
1244556499181060096
1244562497170018305
1244562500647038976
1244562500655300609
1244430153704288257
1244436134815563776
1244436143556513793
1244441511774781450
1244442039942631425
1244442040630476803
1244442048922406913
1244722295505129474
1244722433619189760
1244723012395569153
1244727815141982211
1244749584095522816
1244749587824476164
1244749587820273672
1244749587979685888
1244750196388630531
1244750799651115008
1244750799797960704
1244755636103057416
1244597129307459584
1244602523228557315
1244602523081555969
1244505496196911106
1244510886191976448
1244447447180619777
1244448591994912769
1244448600798748673
1244453466279489537
1244454027733209090
1244454031872782336
1244458863560200192
1244458867981004801
1244686190923649024
1244692285226471426
1244697725540712449
1244697729575587845
1244698295638818819
1244698299661049856
1244500030922395648
1244476647732117505
1244477218241347585
1244482117305683969
1244482671159304193
1244488706351906821
1244709783992709122
1244714737100713984
1244672391696924673
1244672391688536067
1244679064423727107
1244679068689235968
1244683980487585794
