1241658150857650176
1241640946200121344
1241737343297437696
1241850312610254849
1241861708894949386
1241862547671863306
1241867702555344902
1241629201561718785
1241629201490309120
1241696960706498561
1241583953904984064
1241589981035913219
1241782293670301696
1241782293599059976
1241794117291651079
1241799696256991234
1241555700893040646
1241669764948414464
1241675419033767937
1241595563734233089
1241720675368341504
1241515829537017856
1241516475720097793
1241759648744693760
1241766099538059274
