1238299415145787392
1238305513512865793
1238311486272835585
1238317454801211393
1238328221646512128
1238587006063710213
1238595231043309569
1238254330261766151
1238254338323230725
1238254342727180296
1238259690842271745
1238265092879388672
1238265667666636801
1238384350317576193
1238384920059432960
1238345632672342016
1238463043337584643
1238293442599493632
1238294012735430656
1238294583336996871
1238294583370567681
1238294587292160005
1238362006710702080
1238362007029587970
1238367443191574528
1238372865520439297
1238373448864411648
1238486082569646080
1238339672222269440
1238411898258890753
1238412434949447680
1238497579249225728
1238509146913341443
1238469141423669258
1238469737232777216
1238474611030986753
1238390263460122625
1238601220404719616
1238601224397578240
1238601224448024577
1238601816218185738
1238613706830950400
1238613707015491585
1238560736911265795
1238548766447329281
1238576130204065794
1238581561513185280
1238270499454619650
1238271098774532096
1238277264938328065
1238277269199577088
1238283145285267456
1238283145247485952
1238531683110006785
1238536653217636352
1238514700125700096
