1237801622635515905
1237801626527608832
1237802176019230720
1237802184328253448
1237802184475062274
1237806978514198528
1237807553058238464
1237813002008657921
1237813593179029504
1237639198888337409
1237639202277212160
1237639743854145537
1237639744030306304
1237639748610654208
1237639751898992640
1237640330394157062
1237640330939424769
1237640331207651334
1237640331845406720
1237640335372816384
1237640339202035713
1237645184214675457
1237645191894519808
1237645191848153088
1237645745538453504
1237646300218298368
1237646300574859264
1237646303703601152
1237646307466100736
1237646307428188169
1237646307726110720
1237621738193780736
1237621739003273216
1237621747177926656
1237622287748259841
1237622291585875970
1237622291829149697
1237622295004405761
1237622296182960129
1237622299601154048
1237622299735384064
1237622853085913089
1237622857817042944
1237622858185977856
1237622858500788225
1237622861407420416
1237627682105393152
1237627685267963904
1237627685872033793
1237628738881368064
1237628738885627904
1237633586515279872
1237633594883026945
1237634178004344832
1237634179296182272
1237634182198640642
1237634183545094149
1237744047738978305
1237744051543093248
1237748962867777536
1237748963270225923
1237749538078801920
1237749538237976582
1237749550078545925
1237750142159200256
1237750145279762433
1237755002648776706
1237755010995404801
1237755011121242112
1237679862430695424
1237679866587353092
1237680446055514112
1237680448983248896
1237681019324686336
1237686518891704321
1237686522222084096
1237691366815211523
1237691375321260032
1237691954173001730
1237691954571276290
1237878172592402433
1237884128478941191
1237884669393121280
1237884677525921795
1237890084742909961
1237890638290415620
1237890642375626760
1237651089283039235
1237651089522130944
1237651089459208192
1237651089316601861
1237651094081167361
1237651097352679425
1237651647318327297
1237651650833252352
1237651650975797248
1237656488082124800
1237656495237607425
1237657044850814976
1237657045106675713
1237657045412667393
1237657045710458880
1237657046486573056
1237657049875353600
1237657272718970881
1237657603028779009
1237657603976712192
1237657612176355330
1237662430706057216
1237662435311525889
1237662442810945536
1237662988372492295
1237662988536107009
1237662989248946178
1237662996601556998
1237663547162644480
1237663554624532480
1237726120923013120
1237726124802621440
1237726661715640327
1237732005346828289
1237732571980668930
1237737961845919744
1237738527422480384
1237738527544070147
1237738531730186244
1237738535853027334
1237755586013474818
1237760690187726848
1237760690183684100
1237760698618466304
1237761269475794945
1237761848109412352
1237766654966272000
1237767233398624256
1237767812128571392
1237593065398743041
1237593069723078657
1237593069630787585
1237593070280949763
1237593073216962566
1237593074110324737
1237593643805859842
1237593644250484736
1237594193880440832
1237599013492281344
1237599545996890112
1237599549293645824
1237599550472220673
1237668399351726086
1237668956539891712
1237668956716048386
1237668957944864769
1237668961183023104
1237668962013310977
1237668966039986176
1237668969202540549
1237673893902548994
1237673894502453248
1237673902291275776
1237673902119190528
1237673902425485312
1237673902618415104
1237674452374224898
1237674460221771778
1237674460934742017
1237675017850089472
1237675018173153281
1237789756500647938
1237789757083705352
1237789757104586753
1237790331724353545
1237790331862540288
1237790336115564544
1237795695907700738
1237861139595354112
1237861143625863168
1237861144317923328
1237866508589490176
1237867074501799936
1237872028176142336
1237530381345144833
1237535796225167361
1237535800058769411
1237540648988770304
1237540653686374402
1237540657163407360
1237541198576799745
1237541203366694912
1237541207045058561
1237772652623904773
1237778621051408384
1237778624432005121
1237779182807023619
1237779186959486978
1237779191246053379
1237576317811298304
1237576317983322114
1237576322055933952
1237576325470105600
1237576326321598465
1237581149074886657
1237581157559984129
1237581685937467393
1237581690551189506
1237581690643435520
1237581690786082816
1237581693940162560
1237581694489653248
1237582240592232449
1237582244459380736
1237587047885369345
1237587058756947968
1237587629048082433
1237588195283361792
1237696832165359619
1237696832936898560
1237696836678438912
1237697399600173056
1237697411264516097
1237697964459646976
1237702835049021440
1237702838966456322
1237702842779160576
1237702843101892608
1237703421366542337
1237703426038878208
1237703429948084225
1237704017570127872
1237708861903003649
1237708865942233088
1237819041370255360
1237824485853626369
1237824494120689672
1237824494351323148
1237830500338806785
1237559042030985218
1237559053477236737
1237559053594669056
1237563915149557762
1237564464787947520
1237565017874022406
1237565021762097153
1237569812634591233
1237569816023552000
1237569816233299968
1237569816266850304
1237569820058505217
1237569820154945538
1237570924406161411
1237570927606419458
1237570928361394178
1237570936359927815
1237848502081695744
1237854613572694018
1237854613870497801
1237855775197810688
1237860577919164417
1237604373519163392
1237604374211227649
1237604380913758208
1237604936512237575
1237604943088848896
1237605472724586496
1237610253589417987
1237610254185070592
1237610254235348994
1237610795124404224
1237610795430629376
1237610798815404034
1237611344678907904
1237616369870536704
1237616372764401664
1237616374400376832
1237616377311051776
1237616936361398272
1237546613217693698
1237546621132353538
1237547192644014080
1237547741833641985
1237547742278213632
1237547746493493248
1237547749672796161
1237552560833040385
1237552569389428737
1237552573164339200
1237553118897770504
1237553127106023425
1237553655923896320
1237558488198340608
1237831058139353090
1237837123450896384
1237837681222209537
1237843527737864196
1237714289445797888
1237714292952174593
1237714838077440000
1237715383206858753
1237715387678101504
1237720186247090177
1237720186259636225
1237720743984672771
1237721280666693633
1237721284353589248
1237721284928253952
1237721285607768066
