1244113295193210880
1244113299098054656
1244113639339995136
1244118340915703809
1244118344908693505
1244118898619723777
1244119414372368384
1244119415030984706
1244119423436423168
1244124209191796744
1244124669793320960
1244125127991873537
1244158346699169792
1244163153413517313
1244163161466404864
1244168580062687234
1244169067029843968
1244066796883169280
1244067351173226498
1244067363097653248
1244072296018370561
1244072304377606144
1244072883237855232
1244078235257839616
1244078793125494789
1244293238908833792
1244293243476430848
1244297953512050688
1244297957517807616
1244297961766436864
1244303321986260992
1244303322166603777
1244303875554914305
1244303879749210112
1244054994623619072
1244054998402686977
1244061969730207744
1244251862674608129
1244251869184167936
1244252408055762944
1244257700948643840
1244258229036646400
1244258761881071616
1244258766264176645
1244190046950838272
1244190055025041408
1244190633985626112
1244190637769011200
1244190638188507138
1244195537345073152
1244195544345518080
1244196069900038145
1244196070051254273
1244201455482851331
1244201455730298882
1244218706143649793
1244228919638794241
1244228924147511296
1244228928115523584
1244229486125756421
1244230051958120448
1244234905191510016
1244234909364957184
1244240860872613890
1244240864861474816
1244241444090662912
1244246384766644228
1244246392719245314
1244084241257897984
1244084241358442501
1244089794105393154
1244089803143917570
1244095918250561536
1244096534918107136
1244096539217158144
1244264156095811584
1244268954035441664
1244269507545370624
1244269511764779010
1244269516441427968
1244270073172418562
1244274889453944832
1244309257362771969
1244309831579828225
1244309831844007938
1244309831785361412
1244309832011636742
1244309835618963457
1244315225861447683
1244315800535584768
1244315804587438082
1244320598794199041
1244320602887827461
1244384070781394944
1244384074648752130
1244384666510954496
1244384666649583617
1244389511385305094
1244394921630580741
1244394921965969409
1244401405999353856
1244401967880962054
1244401967776088064
1244406930208153603
1244406933962067968
1244407462893158400
1244407466546233344
1244412856512188428
1244412860521947139
1244412864477237249
1244412864418414598
1244413414094581762
1244413414312730625
1244413418070818817
1244413418452340737
1244413959811280896
1244147419752714240
1244147428950855680
1244147885475876864
1244147885869903873
1244147889732894720
1244152620660469760
1244153094562131969
1244206304052330496
1244206866365853698
1244207428142395392
1244212243522297856
1244212246860922880
1244212784524640262
1244212788400095234
1244212788333031425
1244212792758075395
1244217590806794241
1244217599694721025
1244174313596407809
1244174314405949440
1244179149624709120
1244179158072254465
1244179632523325442
1244184536134664198
1244184539317981184
1244184547895300098
1244185143344013315
1244343394765131776
1244343394857607168
1244343977756839936
1244343977928790021
1244348939261767680
1244349522425384960
1244280756454797312
1244280756702248962
1244280761018126338
1244280761160740869
1244287350194274305
1244287350240313351
1244287351402172422
1244287354153701376
1244292131478540288
1244292131797245958
1244372121368682497
1244372691748098048
1244377543429574662
1244378094024048645
1244378098268766213
1244378098470137859
1244101391569702912
1244101391582461958
1244101399866150912
1244101399945728000
1244101999324532736
1244101999563542543
1244101999743971328
1244102000150589440
1244106894630846465
1244107461373636608
1244129854666072064
1244135516859228165
1244135521330356224
1244135986700976133
1244135986830782464
1244136464436416512
1244142206405021696
1244142206362857473
1244142206652264448
1244326491191676933
1244327074652983298
1244332481026940928
1244332481001787398
1244337895848267779
1244337896070549505
1244337899937521664
1244338495860154369
1244338499207249922
1244338503921487872
1244354949632258048
1244355499446992899
1244355998548209671
1244355998682419201
1244361371413704705
1244366174181363712
1244366174198079488
1244366182217666565
1244366182150520835
1244366706824196096
1244366706694389760
1244366714877468672
