1260768805795631104
1260843942414815233
1260951497371779073
1260961835353702400
1261024577850937344
1261024959691993088
1261024959792427008
1261030119159803910
1261030522073026560
1260905614999420928
1260923080639221762
1261001799097446400
1260821162570866688
1260934187038601217
1260939836007034883
1260860854142025728
1260866855633334276
1260872433587949568
1260741156368986113
1260973110171500554
1261041079199182848
1261041853702516745
1261047717880569858
1261053229661671426
1261053230211117058
1260877501259284481
1260877916549906432
1260735192672751619
1260735648966668288
1260788246616903681
1260805232574922759
1260810420732002306
1260894416308514816
1260894824259039232
