1257855257943642112
1257866198882177029
1257934588673998849
1257934589122752512
1257884014402207744
1258063776865234946
1258063776768757760
1258082587895042049
1258082587991584769
1258083200670273536
1258083200569573377
1258083813021843457
1258088649150865408
1257899889075290112
1257872844379303941
1257872844874297351
1258014127299198978
1258041287326007297
1258041857587785730
1258041858015612928
1258178067643711489
1258178654762401793
1258184115809062912
1257917672286806021
1258161097728819200
1258167771071987712
1258094663812202496
1258099500016644096
1258100066125926404
1257990616081772545
1257996097613713408
1258002058306899968
1258002649057763328
1258018935737384963
1258018939487096833
1258029832451108864
1258031028247150593
1257945451334119424
1257945451464097793
1257951487143153664
1257951487063277570
1258110899665211394
1258116890024644610
1258116893220749313
1258116893321367555
1258121775910617089
1258122387662483457
1258139723916292097
1258139727007490048
1258150062804422656
1258150065866264576
1258128684021501952
1258133566258479104
1258139094049226752
1257833623354515456
1258072279231213569
1258077723047735296
