1258217598933663744
1258217599286104065
1258223667558748164
1258228508825960449
1258229096070483969
1258206833547726850
1258211622968942592
1258212187983708162
1258212770811699200
1258493567099494400
1258497035973648386
1258404131850551298
1258404132144152577
1258190202931159040
1258370602450276355
1258239879730753536
1258365565573500929
1258415138190888966
1258421177342722050
1258421177518874624
1258291436400885761
1258302396507324416
1258302396729487360
1258302398809989123
1258302399149756416
1258547086372429824
1258476987330564099
1258477553284780033
1258507315713466370
1258285404169666560
1258245851220189184
1258251913004490752
1258256962577408000
1258257558608871424
1258519332713164802
1258442967657971716
1258454060916633600
