1259997933962964992
1260003008873521152
1260003408515182592
1260008902030065664
1260008902235525121
1260119203786493955
1260120022707589120
1260130365727027201
1260290869204324355
1260296451210559490
1260107854612070407
1260113206535524354
1260186720198426626
1260079862334672896
1260085477194989570
1260263005507502080
1260263005851353089
1260302469487304705
1260307847889510405
1260308706761207809
1260308705599524864
1260330605520306180
1260153656340615174
1260136242110443520
1260142465140563973
1260091492627963904
1260019912363270145
1260052716069371905
1260318961725575169
1260031033153486848
1260197914820960256
1260163689426169856
1260169586579734528
1260170378883862529
1260174967158661120
1260174967204806663
