1256373170308866049
1256373170866655233
1256373736665755665
1256373741057011713
1256379193774014464
1256384066783412225
1256384617751461891
1256384624944504833
1256614573102292995
1256619437391667200
1256524329967210497
1256524333188395013
1256524333553459201
1256524341564641286
1256524895791562752
1256524896290639872
1256529715776684032
1256529718209318913
1256530281684774912
1256530863774248960
1256535740755767297
1256535742618038273
1256536299877675008
1256585871987552257
1256585880925601792
1256586426059276289
1256591194651385858
1256591198317355009
1256597084259717122
1256597636704018432
1256597641800159232
1256705442878799878
1256706009227235330
1256711419908800519
1256711420751810560
1256711424950353922
1256716806376640517
1256716809358671872
1256602653070680066
1256613998646173701
1256647776504631305
1256653165346410497
1256653727647203328
1256653735301955584
1256659129654841344
1256664544631545856
1256665106655727616
1256665660442071040
1256665661125910529
1256665669359239171
1256665669413638144
1256665669438861312
1256671082997825536
1256671633097388032
1256671636918591488
1256671637052719105
1256418213388120065
1256418214206222336
1256418751467094020
1256424228154269696
1256424228896649217
1256429609597329408
1256451673075011585
1256451679148441600
1256457091180457984
1256457660288860160
1256462475303817222
1256513004255903744
1256513009029206016
1256513012245991425
1256513551012974592
1256513555358199808
1256513558361387008
1256513561813225472
1256518964114608128
1256518969349091329
1256519527057240064
1256630860524195840
1256636287957602304
1256636853987479560
1256642328032395264
1256541161944018944
1256541168508297217
1256541743501258752
1256541743618510848
1256546591978033155
1256546596432547841
1256547178950078468
1256547183463141376
1256547183576461313
1256557649316982791
1256563126050394114
1256564263826722817
1256676486251069441
1256677010254036995
1256681800530829313
1256682370385817600
1256682978253643777
1256687866312306697
1256688448678834176
1256497342343254017
1256497347741310976
1256497351700754432
1256502203788873731
1256507622821433344
1256508185759924224
1256406252588015617
1256406809226575872
1256406816906530819
1256407371678486528
1256412165302636546
1256412165608804352
1256412169341673474
1256412719235788800
1256722300487032837
1256722857553518594
1256727690176012288
1256727694458445833
1256728264632160256
1256728269094821889
1256728831643119616
1256728839000076288
1256728843819405324
1256733641918447616
1256733645747953665
1256734224104685569
1256734228219416576
1256569141764513793
1256569728669229065
1256569732104421377
1256569733807247363
1256574576433266688
1256574580774318080
1256574585291419649
1256575126415572995
1256575131440291846
1256575134669901826
1256579954072002561
1256580507837530112
1256468334566166528
1256468335400759296
1256468916815060992
1256468919394750464
1256473783361101824
1256473788432084993
1256699503693922309
1256699504121782272
1256700096370147328
1256700099297775616
1256704882305794048
1256434961365692416
1256440343144419328
1256440912785412097
1256446299756519424
1256446299890520064
1256446300054159362
1256446301878640640
1256389420292456448
1256389423022956545
1256395397288910848
1256479413035655168
1256479414008918017
1256480533623836677
1256480537004306433
1256480540208902144
1256485452846116865
1256485942266859521
1256485946570260480
1256490738038104064
1256490741188231169
1256491324985016321
1256491332719316993
1256491336389341190
