1259910029936922625
1259910457394999296
1259915688241590272
1259915688141099008
1259915688518602753
1259799536379195393
1259877163106517000
1259943748286337024
1259944025169317890
1259771244532170752
1259782935219261440
1259899984595628034
1259905454131408897
1259657568114241536
1259658012068769793
1259646473165254657
1259832728540852224
1259854291852017671
1259926450926387201
1259926450838237185
1259927235756273670
1259927235756163074
1259931928704278528
1259736264393121793
1259736264401653762
1259758376420081664
1259759254262763520
1259759254287921152
