1257010884569903104
1257016325651812355
1257016337152585728
1257016337580384263
1257016909024972801
1257021710957772801
1257021714539651073
1257021714489380871
1257021714614988801
1257021719480537095
1257021723054166017
1256812570880741376
1256812573963563009
1256812578161995776
1256812578782810117
1256813157043109890
1256817973253283841
1256818551727497216
1256823454000611331
1256823458090057728
1256823882520150020
1256823888178274309
1256980916305563648
1256980916636966912
1256981495647997952
1256981495576768515
1256982083282571265
1256982086562598912
1256935517511389184
1256936075597090817
1256936637227044865
1256942103428505602
1256918698067197953
1256919272997171201
1256919826850811905
1256924691975024641
1256924693191254016
1256924695896694784
1256925246101348357
1256930043533635585
1256930052127645696
1256930052786270208
1256930615515103232
1256930623505268737
1256930623647776768
1256902533987131392
1256907382208122881
1256908514330578945
1256908518797586434
1256913320814280704
1256913883622707200
1257055676523704321
1257056271863296007
1257061162723639296
1257061167010365449
1257061170608926720
1257061171259150337
1257061753503879168
1257061761938677765
1257061762119143425
1257062358377271297
1256750955544092674
1256756367987269635
1256756374622609408
1256756932028833792
1256756932913836034
1256761769705562112
1256762315430600705
1256762325878681600
1256873777641684993
1256873782771318784
1256874255393923072
1256879487242735616
1256879495111294976
1256879956539379712
1256884740889677825
1256884749274165250
1256885240716550144
1256885248538873856
1256885722734346240
1256885722939867136
1256885731332624384
1256739064079880195
1256739627286880256
1256740173296963584
1256744975515123716
1256744978602213376
1256840974757777408
1256846187254165504
1256851454934933505
1256851942908755968
1256963754228662272
1256964278285991936
1256964819246133249
1256964827290824704
1256969625188724737
1256969630096261120
1256969633615286274
1256969634189737989
1256970167453614080
1256975011560198145
1256975577577390082
1256975577916923907
1256975581138173952
1256976131162615820
1257084574632468481
1257084574636654603
1257089473768275974
1257089477425553408
1257090040599056385
1257090043849687044
1257090598873464835
1257096125644865536
1257096130283876353
1257096133618405378
1256890627003871232
1256890634616651777
1256891229796626432
1256891230077759492
1256891234762752001
1256896070916935680
1256896074658136064
1256896078894391297
1256896666235310080
1256897148509184005
1256897148643348485
1257072654693076994
1257072655615680512
1257073749590855687
1257073753269420038
1257078615419822081
1257038542238371840
1257038547275612160
1257039138769027072
1257039138857115653
1257043994783232005
1257044573983068165
1257050168458952704
1257050773613092865
1257050777283112960
1257022301792600064
1257027711962316801
1257027712025329664
1257032532056592386
1257033084966440961
1257033651369447425
1257033651272982530
1257033651587616770
1256829016163655680
1256829021356044289
1256829024149688321
1256829570474479616
1256834389243129856
1256834389104885760
1256834392439369728
1256835358400172034
1256840055550869504
1256840509206691840
1256840512746684416
1256840517087711234
1256993574975148034
1256994170801131523
1256994174857027584
1256994175444189184
1257000122304643078
1257004933041266693
1257005495929503747
1256946934796992512
1256946938135658497
1256952395143077889
1256952395504005122
1256952970513715201
1256953519384358912
1256953520143687684
1256796576816693248
1256796577559195648
1256801472794128388
1256802090216599552
1256807009007124480
1256807012500860928
1256807617759899648
1256807624483303425
1256856711488397312
1256856719289987073
1256857181766311937
1256857650731630593
1256862906966085633
1256863364590055425
1256863373402222592
1256868057739259907
1256868542755950592
1256767696005468161
1256768246121979905
1256768248726593541
1256773139238801409
1256773144028737536
1256778504169041925
1256779636278792199
1256784497380601857
1256784502849929222
1256785046725447681
1256790458606346240
