1257643688324456450
1257643691780509697
1257644233810477057
1257648939257532416
1257648939370676224
1257654933484113923
1257654936915120128
1257747862034710528
1257666262500548612
1257666265520443392
1257666265780334592
1257666265985867777
1257666849598140416
1257666849656848384
1257666849141075970
1257689036535275521
1257689297131573249
1257693477917175809
1257671777058160640
1257677636589039618
1257677636786159616
1257683441526599685
1257683664088911880
1257615141883072517
1257615704993550336
1257621076894461953
1257621077272006658
1257480600623120384
1257742417412808705
1257743004460335107
1257569319531184129
1257569324040142848
1257569885422596096
1257569886013984768
1257570442522443776
1257575320473010176
1257524796398551040
1257525362126446597
1257530869998333953
1257530873366233090
1257717016926052352
1257717017156739073
1257718073529962499
1257514000431984644
1257514542080409600
1257519411466063875
1257519411583320065
1257519968809353218
1257519973007863809
1257627015940845568
1257632354614550528
1257632354857889793
1257638311285399552
1257638311772000256
1257553199709302784
1257564505296404480
1257564507905290242
1257782473301295106
1257787598799548423
1257788190271963136
1257496984744857601
1257497597515714560
1257502428481675269
1257536972584706048
1257542388169543680
1257586822093459457
1257587429688717313
1257592950797684736
1257592950533603329
1257598994123014153
1257598997788864513
1257598998069772288
1257604426216415233
1257604983727386625
1257609789619810304
1257609790622228480
1257610347072106496
1257469251444670467
1257469251595767814
1257705705576050688
1257809401454329856
1257809404822511621
1257822034664361985
