1261103158807281665
1261284457014853634
1261290362502557696
1261278834055397377
1261146524265754626
1261152119714983942
1261157756964405249
1261235886706044928
1261240580774014976
1261240975034376192
1261241360507691009
1261225279739092993
1261357806919102465
1261357870978826242
1261363394528948229
1261141771909644289
1261314169158037515
1261319257851232258
1261319257918488577
1261379513780322304
1261379914831400960
1261262659292446722
1261119536687796225
1261169134638858240
1261345748026720256
1261351809559519232
1261407552321060866
1261296943378173952
1261307819485093889
1261191720223387649
1261202911377477632
1261203717916893185
1261213871588573187
1261423145845772291
1261443724199882752
1261443724472696833
1261444516046757888
1261390930059292673
