1258852351986806784
1258852969417564160
1258857817425002501
1258858409698430977
1258884585473130498
1258889925459574784
1258563995663032320
1258564589224001537
1258575436969361411
1258575436877094912
1258666251041284096
1258801391503474689
1258801986645958658
1258553156755238912
1258694407844270081
1258580938533019649
1258580939325620224
1258586547462553601
1258587150603386881
1258615161230934016
1258621208754450432
1258676579087126528
1258682667429584896
1258824003059417090
1258830127036870656
1258638278380736514
1258901324869050369
1258784399790915584
1258784987026821120
1258773612355637248
1258806852613070848
1258808019254538241
1258813102625296386
1258813735788900354
1258813735386279936
1258846920992161792
1258846924582592512
1258864356659474432
1258864356281987072
1258879149281816577
