1257146617741762560
1257147191279435778
1257147191635988487
1257153147929194498
1257316234745442304
1257317081650872321
1257317082330361859
1257321875601977345
1257322438347505665
1257322441539350531
1257323013009076227
1257323612102524929
1257191550049812480
1257191558371315712
1257192674106335232
1257197461925437440
1257198035525931008
1257198043662712832
1257198043729887232
1257202912247382016
1257282277945544706
1257282278088007681
1257282843836928000
1257289051683446784
1257100995378774017
1257100995265548294
1257101583491510272
1257102161743233024
1257107039861571586
1257112555237113862
1257113108335779840
1257118490458275842
1257118497991274499
1257123893170655234
1257124986977992705
1257158587329032193
1257163449844379648
1257164018596417536
1257164018764017664
1257164019011444736
1257164023717494785
1257164027064487936
1257164593035644930
1257164593975169024
1257169395723440128
1257169996507160577
1257169999929712640
1257424616408207361
1257174824419569665
1257174829242945536
1257174831851868162
1257175403246104582
1257175407293607937
1257175407641706503
1257175411592740865
1257180759347077126
1257181303268573185
1257181304464048130
1257181305168637954
1257186094677966854
1257186094598275072
1257186101787230209
1257186106203877377
1257186652499464192
1257203463278268416
1257203466499436544
1257204032529145856
1257209393600278528
1257209397325058048
1257209397819797504
1257209402618081281
1257214245537828864
1257457285510713350
1257457289994346506
1257305262785880065
1257129899350994944
1257129903390105603
1257130448976822275
1257135220484079622
1257135228981612544
1257136407836938241
1257141243743801346
1257141244351909890
1257397037269692422
1257264754370007041
1257265324434567168
1257271326462447616
1257276203091853312
1257276212227051520
1257276786905415681
1257276782891458561
1257277379162103809
1257356633904209920
1257363294509285379
1257363298707738630
1257368163735474180
1257373661641748482
1257374862760448004
1257380143842066439
1257237036374908929
1257237037440270337
1257237600223494145
1257242998334795777
1257220169568575488
1257226175119798273
1257230978646491137
1257230981339074566
1257324211334348801
1257324786247561216
1257253177277272065
1257254321932001280
1257259200150769664
1257259201174228993
1257259201199583232
1257346458065436672
1257346462444290058
1257440885081604098
