1397039924914769924
1397049275821936644
1397052435152052224
1397054083962343427
1397222636015558672
1397222636887887878
1397234808611299334
1397234808644939779
1397243901644267526
1397070663563681798
1397071415979900928
1397071417162690560
1397072916219502599
1397074402378874880
1397077315155161091
1397078010654720000
1397078014131937282
1397080253332267010
1397082390485299202
1397083878972526599
1397084633397825536
1396998806219132931
1397001190576168964
1397203900923580420
1397205102625271817
1397133908886446088
1397133909620629508
1397133909633257474
1397252817773940737
1397265013556097025
1397056970603962368
1397062729609879558
1397064819321151488
1397066257925500931
1397068411839029255
1397313167471091715
1397313170889494528
1397313926291935234
1397314654712463364
1397316140599230473
1397316953400766464
1397316953526743050
1397317810859151365
1397320338824994816
1397321174233853952
1397324449037307905
1397117999832698883
1397119392861802498
1397125016987357194
1397127311170760709
1397170336844627970
1397173272047804420
1397085328284950528
1397085329434230786
1397085331007045632
1397087491795128320
1397087491925192705
1397088777298878470
1397088778662068226
1397090601900724230
1397090601988808706
1397095876359639040
1397097643537362945
1397097643659210754
1397097645072523265
1397098219297906688
1397098219365093379
1397098220484923392
1397266414352932870
1397268399831592962
1397271735410466816
1397277143697170435
1397206335981293571
1397210636791123968
1397211231329652743
1397029218953826310
1397033844964876294
1397039177988939780
1397017860736704512
1397021649560432641
1397023880582025218
1397283334661840902
1397284039300616196
1397286183495950341
1397291135467286530
1397292584293314565
1397295494246780929
1397150809649987591
1397159800320892930
1397328705077219328
1397332113775599617
1397332984441802752
1397334667745955840
1397337285041868800
1396981351400812546
1397101238802542596
1397101240413163520
1397101242103386114
1397102437106962432
1397104926271102976
1397104927210541058
1397105545132220423
1397108677266481159
1397109316801335300
1397111900945543168
1397111903789346818
1397177884658315266
1397181007535747074
1397182170754478081
1397299873473601536
1397302719904366592
1397302720437145600
1397307872036507650
1397310154962522114
1397310904992256000
