1391852557929172993
1391589198377877505
1391590035820978176
1391590040233340930
1391590874912415744
1391590876158201858
1391591683003883521
1391593349669261315
1391593353058209795
1391594134352236544
1391597163206090759
1391597949335969792
1391600447002079233
1391600449543802884
1391602945465196545
1391603763803303944
1391603765053034497
1391821571329859593
1391825123028738049
1391740889693831168
1391744350057598976
1391747391418556416
1391749803093106690
1391753366007685132
1391753367186120705
1391710063023190023
1391712421602107392
1391714708202344449
1391720576792805377
1391721157133541378
1391722322613219330
1391894276708073474
1391902811114278915
1391729003288047619
1391729605845819396
1391734421632425984
1391738037156016131
1391786184364470274
1391789951444951040
1391792401157591041
1391792403078582281
1391796574813097991
1391679680571351050
1391680798361755649
1391684128819404802
1391684763535040513
1391687778774093825
1391664451384795136
1391667089711063044
1391669740775649282
1391670379576442880
1391671727487324160
1391672352992161795
1391672354032345089
1391672991575003136
1391673615985233921
1391675669428326407
1391676294207737858
1391773784818868232
1391777242179641346
1391543707174846471
1391544721412018178
1391545772982816771
1391548826696273928
1391553390866468868
1391557964444536838
1391763784868536322
1391764366211489795
1391768475715006477
1391769638330118145
1391802335047864323
1391803469279862786
1391807583409868800
1391807583653085188
1391808173430956038
1391812189984460802
1391605342325252097
1391610925757706243
1391614127378878467
1391614138732978183
1391617337246294017
1391618944717389824
1391618948039204866
1391696242435104772
1391696242451779588
1391696243034832898
1391698582600773635
1391701051359649794
1391702255397527558
1391704083044737025
1391704678732374016
1391707713818738690
1391620471163015175
1391623573396082690
1391624618029379589
1391625822465716224
1391631905045372929
1391632571176341508
1391634030307782662
1391634030785966083
1391581877966934020
1391584318963605505
1391832845774065664
1391834056778821644
1391834487227572224
1391639309091053568
1391640488562741253
1391641127883841537
1391641796011200514
1391641796132835333
1391642458925133830
1391643766730100737
1391644415144366080
1391645723721043974
1391645724312412160
1391648972205268996
1391885268932759553
1391890037655080960
1391868959893327873
1391873090154606596
1391650917779345415
1391655145142775809
1391657682189230080
1391659407692374018
1391659411291054080
1391660029317636096
1391663815880740865
1391558858376613893
1391558858687004677
1391558858699595782
1391558861174099970
1391561635500802055
1391562511749627908
1391563459477782536
1391563460870385668
1391564322443124737
1391564327547768834
1391566085435142149
1391566942461333505
1391567768038690819
1391568614944251910
1391570431166107648
1391571319968382979
1391571320840855566
1391573139952439296
