1396950283465465861
1396954006598078468
1396876821824778251
1396879236829376514
1396879237882187778
1396879851672547330
1396879852322623489
1396880458957221889
1396887077069869056
1396669657067659266
1396670373022769155
1396673133071912961
1396904959946416131
1396908946795876353
1396911537470595073
1396914882000289792
1396914882184990722
1396915607291969543
1396915608676028417
1396858741312483333
1396861253461581825
1396863390736437258
1396866221195370500
1396866846679175169
1396868048087359490
1396872826204954629
1396843731433791497
1396846147306655748
1396850387525636097
1396852669164228608
1396853834912256007
1396856878148120576
1396708676749119488
1396710129806938113
1396710823326720005
1396710824106807298
1396711482964934657
1396712856385736705
1396713519538573318
1396714900169183234
1396716369895333888
1396717856549740547
1396617127252070401
1396618937555636226
1396625538408722434
1396627964524068865
1396628759608840193
1396631172046856198
1396631176572547073
1396815367939497988
1396815935512530947
1396820790989840385
1396723299938361346
1396723948763500545
1396723949904359424
1396727136845717504
1396728446055854082
1396733086751027203
1396735809571540994
1396736483973902336
1396736486146560000
1396737146095013896
1396633587470856192
1396636745106477058
1396638968012214272
1396645113955246084
1396645851120996353
1396935480592277509
1396937596278870019
1396737800490389504
1396738439811325954
1396739089760665603
1396739787508240384
1396740467732230144
1396743125834420230
1396743126769979395
1396747626863685634
1396747943797985280
1396748894126497794
1396749687676235776
1396751068961333249
1396754324013862913
1396761333396238336
1396765397349715968
1396766094073937920
1396770849580109828
1396776427643539457
1396778434408239107
1396890774986502147
1396892043524325376
1396892653065629696
1396902290695524353
1396801020584292361
1396802868515115010
1396804690755653639
1396805931040604160
1396805931783135238
1396832573746294786
1396838481733853190
1396838483130421254
1396841431839363072
1396677520074764293
1396679053877276674
1396679058428022785
1396682921893715972
1396682925496700935
1396686776417222656
1396690682253746181
1396692154366545927
1396651025524797448
1396651762539446273
1396651767622868996
1396652553148899329
1396652553232740358
1396654807142649861
1396656316748337156
1396660045232820227
1396692922507010048
1396695097471692800
1396697298638413825
1396697299292545026
1396697299967950849
1396701070856888322
1396702481430745088
1396703155606392833
1396703156390793216
1396919181824700417
1396927972003696642
1396928711463743490
1396928713556598784
1396793125306343425
1396794308825690112
1396795995757948929
1396796624496599040
