1392011817480765440
1392012459808989185
1392012459192455171
1392013066800410625
1392017368759508994
1392017984877629443
1392019172431892480
1392019797211115522
1392020455578505217
1392021094001905666
1392023048061083648
1392025030960336896
1392026338383392774
1391998375847886848
1391999014543912962
1392000303852048388
1392000308218195978
1392002782832467968
1392007305307119621
1392008610402783233
1392009248826081280
1391937469982167040
1391938226785603586
1391941320550191104
1391945052444782594
1392192766734647296
1392192767221276683
1392192768181669896
1392193345787662344
1392193346400051201
1392195128823930881
1392195739007213574
1392198080490049539
1392198080406171652
1392199321764904973
1392203586344407041
1392204188445155328
1392205404957028355
1392206659968249859
1392207316653641734
1392111061592166413
1392030365624291330
1392035600048431107
1392038798310080512
1392208555185295360
1392209193009127428
1392210449178021888
1392211685843341312
1392212910047379462
1392212911158972416
1392214236835717121
1392214237808889863
1392214892149723139
1392216869277368320
1392217500742475781
1392219957367296006
1392221284604416001
1392221950613860360
1392221952274702336
1391984021794705409
1391985967280672777
1391987872958488577
1391990510370369538
1391993767771590657
1391995108438929411
1392058029516881925
1391972045638959105
1391975331309899776
1391980014627737601
1391980014879612928
1391980016175439873
1392166954308358148
1392168098870927362
1392175197898297344
1392176924781318145
1391914104273739778
1391918056847331333
1391963169178984448
1391965163134210049
1392178662666084352
1392180386403397636
1392189207255216131
1392190355857149955
1392190984524554246
1392192179083304961
1392090078491643910
1392093069382602757
1392099761369518081
1392100375247958018
1392100375587483656
1392240661190123522
1392240662985252865
1392242164982173699
1392245753792237568
1392247957257428997
1392247958607998985
1392249401226108929
1392249402509590528
1392250865688485901
1392252434295054337
1392223277855219723
1392224659836387330
1392226033391316998
1392226033063972866
1392228075421769732
1392228726130282497
1392229378730328067
1392230039714947072
1392230680868892674
1392232603244236800
1392237959223463936
1392237960393740289
1391929231551213569
1392075951714934785
1392084180666929160
1392262991207440387
1392266355554979842
1392268047092645892
1392133143986118659
1392137946338414595
1392139155593961478
1392140351771656192
1392145107483197440
1392146988947419139
1392151918731005960
1392153130545127427
1392159167297826817
1392160433738457089
1392118329490411530
1392120682989854721
1392125391020695557
1392041979366625283
1392046485609537539
1392050321598427136
