1295209211559739393
1295213737171771392
1295213737469648897
1295213738279108609
1295218062350675969
1295219422555262976
1295219903201341440
1295153845861937152
1295155158033211396
1295156079735771137
1295156518061572099
1295157866513522689
1295159688607281153
1295160621705637889
1295161084752433152
1295162397464788992
1295179711639887873
1295182107078270976
1295184308198498309
1295185587645943808
1295186457670193152
1295188184133844992
1295188571947560960
1295193717511356416
1295197003400568839
1295197487334977536
1295197487477604354
1295200837002645504
1295206131376238593
1295206132063940608
1295206542677913602
1295207932867555331
1295164620869709824
1295165095350276097
1295171182526963712
1295172432551124995
1295174552243154945
1295176284151128064
