1290168551878176769
1290169445785075714
1290173485134704640
1290175806744952832
1290175806988140546
1290180508484341760
1290136152452657152
1290140203521171456
1290147429837201408
1290148301883334658
1290105177471479808
1290106456826449920
1290109753293590528
1290111626096459776
1290113233504702464
1290114324644499456
1290119883062046720
1290077889438740480
1290078683181404165
1290079953493454848
1290080723160846337
1290080787379785729
1290094096644583424
1290095853437251584
1290097178224889857
1290123638390132737
1290128212425490433
1290129072849170432
1290129072878522369
1290129960535982090
1290130187380649984
1290132134972125190
1290153384536764418
1290153384574480384
1290157106327240705
1290161456910962688
