1294487626884345856
1294488698676023296
1294489214751371266
1294491324931022850
1294491830617174016
1294495894755303424
1294496403062915073
1294497442654609408
1294497939285356545
1294442684669661184
1294456744215683072
1294456743284674561
1294460563502792704
1294463492569759745
1294465770320093184
1294468317181177856
1294468753363595264
1294515974629072896
1294516584371822594
1294522211672481793
1294524552601624576
1294525722090971136
1294527594835193856
1294474224791195651
1294474679680458753
1294482978777653250
1294499972541423622
1294507100823945216
1294507655398961155
1294512052216635393
1294529412952596480
1294531129865695232
1294534831573856257
1294535674083696641
1294536181711921152
1294541736107180033
1294541736178405376
1294425466758221827
1294426733517647872
1294429287735390208
1294429288381296640
1294431424162955265
1294431424565653505
1294433669495619596
1294434955527778305
