1295539392832929792
1295574659308687361
1295574659493031941
1295576480953622528
1295579583282950144
1295580445523025920
1295580876865077249
1295581273063190528
1295581730452078592
1295585227767713792
1295512096025829378
1295523691485433861
1295601530855456768
1295605452542300160
1295605924216868864
1295605924384702464
1295607714970775554
1295607905178333185
1295609909728477184
1295611936961433600
1295544697759207430
1295546683447795712
1295547412296146945
1295549032329129985
1295549418016399361
1295549418037563393
1295591145771347968
1295593419377643520
1295594338903371776
1295594830161043456
1295600196307398659
1295557701200576513
1295560962104102912
1295561786293329920
1295563024070316034
1295564286119600129
1295566493581811714
1295566493963386880
