1440111078013378562
1440116985589813249
1440254950995419145
1440262525430296582
1440268098825703429
1440228688272920600
1440233856364208130
1440237392217001989
1440118958988804098
1440118957415878667
1440124165718167553
1440124726676971523
1440125288562757636
1440126429228724224
1440128686116655105
1440130408788729860
1440132680520065024
1440132680884973570
1440136737901088774
1440138324698533900
1440140602130124802
1440189700979920906
1440151346112438286
1440154397854494720
1440156506238767107
1440162465317212170
1440281196798251009
1440281846122639365
1440284420229918729
1440169390104666113
1440171861199884293
1440174336313200644
1440212010998788100
1440213734987681797
1440216493694676993
1440218127229341704
1440221742098640896
1440222564740071430
1440200864853999622
1440203380501061638
1440205111666434051
