1433705016473178112
1433712495986974721
1433714121577480192
1433747369980530690
1433752898085666821
1433754182922776579
1433755431583768586
1433760204928266245
1433616241399316481
1433621233950547972
1433625644722622465
1433582582399213568
1433583815318859791
1433584434293452808
1433587494382039043
1433587495229288448
1433587555560091664
1433588710738587650
1433589966857072640
1433591696344829953
1433591697192022023
1433593490668023808
1433595301139345418
1433671442198147087
1433672319612821508
1433673195652100141
1433674953568792579
1433683491820957699
1433690627183628304
1433691443827142660
1433628190585626631
1433629421383024640
1433632376173694982
1433635499336372229
1433636814116450304
1433639692654845956
1433718154908295168
1433721335348408340
1433721337176985605
1433595887683608582
1433597034926206984
1433597035798614017
1433599825963098112
1433602931517837312
1433602932193124354
1433603563322634260
1433604230535864320
1433607255593824260
1433657237092777984
1433662210513915909
1433665452610228225
1433645478558699526
1433647580269858816
1433648296422219776
1433648347034705923
1433649730723074059
1433650435093516293
1433651242832568326
1433651966257758213
1433653483337519108
1433653483417202688
