1441228412077502464
1441203151030214662
1441203963919884301
1441241630942515204
1441241631319941123
1441248076228747270
1441328055159455747
1441328055612362764
1441388961675415556
1441396167972044803
1441396168353714188
1441400856478425088
1441373688784375808
1441374408287735820
1441378709018071041
1441385201414795278
1441311580453367813
1441315848690364417
1441315849424420870
1441316984755421188
1441320274717151244
1441321317861453825
1441369408136368134
1441370174473469952
1441371678655664137
1441277582603808770
1441280527437209614
1441298605864730629
1441306329465835525
1441284601754779654
1441287067456008202
1441349198784434177
1441350105253122050
1441350922110574600
1441354275720871954
1441218106580295680
