1439747128281108481
1439748360181854212
1439748754911993859
1439749624038936578
1439750047026057216
1439750047801958400
1439750483883724805
1439753240627777539
1439754357365370884
1439755253835046919
1439985286889590785
1439985287518638083
1439990613009698818
1439991215743651840
1439991823531970560
1439992267012550656
1439994487032492040
1439825468681854976
1440030341557723136
1440032828595445764
1440032829157437443
1440034390805868552
1440039578484633605
1440039579445202945
1439894784177582081
1439894785318342657
1439901292479066114
1439902571364245507
1439902571703984130
1439903733337313285
1439911876284928001
1439912744950681606
1439914390439055366
1439915911230672896
1439918238608117764
1439919858330718224
1439919858792079369
1439922046520029185
1440074503535529987
1440077770243989512
1440078314551406592
1440078846858981388
1440082151295176706
1440084999328473088
1440059404204724229
1440065498838814725
1440068417331945483
1440072812668993541
1439997983412662279
1440001052011544589
1440002906183409668
1440002907638833156
1440002908209229826
1440004744441786370
1440005386396999695
1440006585053495296
1440007211217047556
1440007211174989834
1440007212013862912
1440007838542307334
1440007839330799621
1440008319012261895
1440010568446906368
1440011491290329104
1439948253102026754
1439950148415729672
1440013275417255942
1440014930837585921
1440017553523462148
1440022307821477902
1440027717726998528
1439787564471259142
1439790567169269764
1439794639641321472
1439967972689383429
1439975141862170626
1439975483404394498
1439979982244229125
1439981783207055366
1439802093229854723
1439803181840707585
1439803182784425986
1439804177123733510
1439809498579824646
1439816098275201029
1439758837523750916
1439763507394727939
1439957410043543556
1439957999729188870
1439958000412676101
1439959810800189444
1439960417078493187
1439962985741619202
1439963628933980166
1439964268292620288
1439965537316995074
1439832434757947392
1439836664344375300
1439845157533204484
1439924095198638081
1439924275197132803
1439926504868089858
1439926505191084036
1439928668885708809
1439930094626168837
1439930793770553351
1439931503912312832
1439931506483470339
1439934113788710916
1439937087369723906
1439864444927070212
1439875824195411969
1439773391549046787
1439773394317156355
1439774345266561025
1439781458563018754
1439782461769195520
1439785557282934784
1440044886372192267
1440044887177457673
1440049684593053704
1440052007482454019
1440052500569079817
1440054963254677521
1440054964122906628
1440055456307691524
1440056908518342656
1440057393472102410
1440057392884957184
1439847981117702149
1439853537236713480
1439859044844453888
1439877247708672005
1439884783019040769
1439886249188331521
1439889033493192705
1439889034851938307
1439890487503200258
