1432192849303506946
1432193751925997570
1432193753935060995
1432205011782561792
1432205011690397698
1432436439397109764
1432439015765053440
1432439585741500416
1432442210142806023
1432445924043894794
1432407017738616836
1432407986975264770
1432410287966130179
1432410762044231683
1432413982430842883
1432415390618071045
1432416814038925314
1432207302296231936
1432209701270343680
1432218321454239747
1432219525231964164
1432147302823694336
1432148889776259073
1432152149929123841
1432155644661047297
1432157351956545536
1432159091674292226
1432334065517174787
1432337328773738501
1432338003679141891
1432181264547819522
1432187149026086920
1432187150460600326
1432190286055280641
1432131303361507335
1432132172941602820
1432133865196318723
1432135622756499458
1432136224874008582
1432136926333739016
1432140147663925249
1432140586912526339
1432140588363788295
1432141452763664385
1432141452948168713
1432141453019525128
1432141878632321027
1432141878745501700
1432314124441042944
1432314125812527112
1432316605673795585
1432319037221056514
1432319038298939395
1432162649303764996
1432174335574388738
1432175020424548354
1432175715194007552
1432390003267620864
1432395107387514884
1432396433257230345
1432399274696974336
1432399735701352451
1432269408236343297
1432269411382034437
1432270559203794945
1432271724150616070
1432272793534562305
1432276260298895361
1432278500002697216
1432448134299340802
1432448135587057669
1432451775785799682
1432454826382671872
1432455816980975618
1432456344846708737
1432459025728348160
1432461619091619842
1432252833718472708
1432262328523894785
1432262330763591683
1432264780472098816
1432264784850919425
1432265894361583624
1432299285459111938
1432303605885947906
1432307600868134913
1432307603246174216
1432310117878444033
1432310118398504961
1432420736925241347
1432424056062676995
1432426813964226561
1432427768139038720
1432427767900033027
1432432523624255488
1432285955722039296
1432285958313893888
1432286949348413448
1432236622414811138
1432237675352715265
1432244374625193988
1432372685670019076
1432373270293188614
1432373270825902093
1432375730248171529
1432376337872867341
1432376912794509312
1432379358858055681
1432381183636107266
1432382326898577412
1432382914453512198
1432384097964498947
1432386423894659074
1432386889978351618
1432222985226625025
1432226278917148674
1432227436918239232
1432347432671580170
1432347432810057733
1432348725490368520
1432353243443519496
1432353874283728901
1432354497666375681
1432354498438107140
1432356909332500487
1432358138355798024
1432360003671842816
1432364961007734784
1432365619748409344
1432367482342420482
1432369298329198593
1432370936322351112
1432371534992183300
1432371537210916873
