1424647398240841734
1424647399352541184
1424648993171202049
1424649805297426437
1424653982736203779
1424536195292450819
1424537437326483463
1424539862217154562
1424540492218392581
1424550605289185281
1424778479447515142
1424779863215513605
1424781678757752832
1424782106777952278
1424784392074014723
1424717322632138758
1424717324121116676
1424717937210974208
1424719134353469441
1424719134579826692
1424720327662264323
1424720924033667089
1424720924545331207
1424721700583772164
1424722090725421059
1424723823639687172
1424725614414548993
1424727268283256837
1424727890684432396
1424727891296800776
1424728470353956871
1424729777076936707
1424729777747812357
1424730219424911369
1424657385621237763
1424658253053497350
1424662427296100354
1424664953974247428
1424666716521439233
1424566088876978182
1424567812450701316
1424569141294473216
1424569141994954755
1424571860344131584
1424572559329304576
1424573920896851969
1424573922314391556
1424578247564664834
1424762623560540162
1424767165375393793
1424769669634924547
1424770572618248198
1424581820859957251
1424584028204773379
1424591764736839680
1424596115161182211
1424522244961624064
1424522814996942849
1424522815781416965
1424523979210084353
1424524402570317828
1424525433308057603
1424525701005279237
1424525969268768769
1424526823136940044
1424527702900543491
1424528294225932297
1424529270400065537
1424530986747023370
1424532719849992195
1424534413615026178
1424601043741003778
1424601045892681731
1424601870593572867
1424603582284894213
1424606058836725760
1424608512076828672
1424733155613884423
1424736728074657799
1424737637445914627
1424738906340302851
1424741172925190150
1424741990890098692
1424742410349805573
1424743270651990017
1424743737301798922
1424743737331179520
1424744155599839240
1424746258091098119
1424673651702386693
1424673652981653506
1424674568455606275
1424674569110134786
1424676332215091203
1424678005704691718
1424680476774633474
1424683031244247040
1424683843718578178
1424685511529189379
1424703271634186240
1424708100838334467
1424708733347708928
1424709909250199561
1424710507299287043
1424711052407754765
1424711054039343109
1424711606362050566
1424711606416691208
1424712201462550536
1424712202238402563
1424714334962335747
1424714336732205061
1424611797898653697
1424619078652628996
1424621586330447881
1424624818368954371
1424747569691910149
1424748023498874884
1424748480568963075
1424751201871036424
1424757545416093698
1424757545403564039
1424759272181751811
1424759272437596171
1424762208312086531
1424762209305907202
1424552168762322945
1424552169198526465
1424552170410496006
1424552170565685249
1424554952526077955
1424557177780379656
1424557745185886213
1424557745827565572
1424560475879067653
1424562079738974208
1424563749365719041
1424629653763993600
1424631227328307205
1424632763517341704
1424687019897200643
1424687020614557696
1424688501510086656
1424689198817325056
1424689201207910402
1424689896879366146
1424695174135959566
1424695174383476737
1424695828187254785
1424695828120223746
1424696465004273667
1424696466061283331
1424698351396737027
1424698955976396803
1424699575059681284
1424700172995416067
1424700787247271936
