1425987154937667587
1425997279295647749
1425997279580753924
1425998232497360897
1426017129589919744
1426017605916274692
1426020100113526797
1426021491515133955
1426024291234054146
1426025691619938305
1426027652750528520
1426028124714774530
1426000739629993992
1426003895684419586
1426005664082501636
1426013494709788678
1426048864767852545
1426049469901070338
1426056217538011136
1426065720484397064
1426038633530859521
1426039813195460612
1426040373567176709
1426077991793086467
1426077992414023693
1426079200407015431
1426081146253807618
1426086528418074624
1426088475326046208
1426092921749745667
1426098414572408833
1426099704920780802
1426100377510948864
1426104846311071749
1426106189759254530
1425970982372745224
1425978222358016000
1425978223637131264
1425979606876708866
1425981878855667718
