1424992644032249856
1424994466545364993
1424996930300506114
1424972982389145602
1424929610492416000
1424930063473119232
1424932921148944416
1424935715050180608
1424939089267101696
1424941592868130821
1425004218922983437
1425006254603182082
1425007513129209865
1425013724713132034
1425017470579101707
1424887630559318018
1424887630806753286
1424890336799870982
1424890336694964228
1424891696203112448
1424892102727589888
1424892504915120137
1424894348064350210
1424897345813090312
1424897345838276609
1424898223953563648
1424979879825715221
1424899613958414342
1424900982690000897
1424903826499276808
1424904752433963010
1424907892277358598
1424908822267662342
1424912278789496833
1424913640767967234
1424920527651676165
1424920937208508416
1424923814685642752
1424926101852147717
1424926101894311948
1424926539930644497
