1425611528989036545
1425614861237735427
1425617318005153792
1425622116045451265
1425622116494454791
1425655320290988034
1425655786664079369
1425656247274061828
1425656248578551808
1425657172306927616
1425668519262363648
1425670021443956745
1425671368561946625
1425671874969735169
1425679302473965573
1425680338186031106
1425682421769515009
1425682934741209093
1425623902240206852
1425626515094528009
1425627885096734720
1425632226893574145
1425633051212718080
1425633927088074763
1425638851129843713
1425645251147018242
1425645706132525062
1425648722969571333
1425648723061739520
1425652947858468864
