1432614902343114753
1432621688982622213
1432629105384644609
1432502305094524928
1432506908884316170
1432585492898320388
1432585493770915845
1432593982802956288
1432601422860890118
1432634346763014147
1432638837973561347
1432639580520390656
1432643426416140290
1432518454590918661
1432524348347359232
1432535861229408258
1432537689081856006
1432538287495843843
1432663156828999680
1432669802133393408
1432674226935193608
1432674227556163584
1432553836099641347
1432554749501472774
1432559045957857280
1432547806938533892
1432547807697596421
1432551661357072397
