1419568836089565186
1419570445922177025
1419571264109301761
1419572051216527360
1419573646822100992
1419581613931892737
1419581614150098944
1419581614531678209
1419525713409970179
1419527364246126594
1419528187118161922
1419530597727236097
1419531469840605186
1419536306409967618
1419537133082136579
1419538003211571200
1419538856047644672
1419542283397976069
1419544001896751126
1419544858859954179
1419545737927430148
1419545739206746112
1419552080214347777
1419552080285503488
1419498670022553600
1419501538108710916
1419503321430347779
1419505292748857345
1419505985283047428
1419598774742265856
1419602594385874944
1419604954348621825
1419605713165291526
1419606410862546945
1419611378638200835
1419612090604703744
1419590736585052160
1419591542189211648
1419593120027594756
1419593871475019777
1419596335431536642
1419597965501427720
1419644069605740544
1419644683723153408
1419645933847859204
1419649542731952134
1419649543667257344
1419650130135900160
1419653439177510913
1419656967728009220
1419657548744077315
1419657550686040068
1419658137657806850
1419658138022813702
1419725869585735698
1419726342577430540
1419613494375288840
1419614922988785674
1419621609124597761
1419621609892052998
1419624367751843849
1419626428585418756
1419627714089213953
1419556308412424196
1419556308584382477
1419562548811153412
1419562548676993026
1419565012138565632
1419509384153997315
1419516707983532032
1419517555371253762
1419520040278233089
1419449999461699584
1419451614927204361
1419452168927531010
1419452169275813888
1419452482355302401
1419452483617759240
1419452835733798916
1419452837394665472
1419453539215155200
1419454264426983426
1419455000431009792
1419455001294823424
1419455389821816838
1419455780508639233
1419455780936462340
1419456186081062913
1419456186944872449
1419456956906057733
1419457710555287557
1419459394140508165
1419460212470161411
1419460212809895937
1419461723963236352
1419461724860608512
1419707928085504008
1419709602367688713
1419716310829780998
1419675174354444294
1419679637802786827
1419682770876469253
1419683632625725441
1419685026472644608
1419685452081205249
1419688852722118659
1419480220717961227
1419480223809261578
1419481044764422144
1419484315981864974
1419486696459030529
1419491149291548676
1419491151497900034
1419629025979518989
1419630324632494081
1419634150190034944
1419634808020406274
1419637911482355720
1419639133262139392
1419641596253937669
1419641596719607812
1419642855656656898
1419659927895912470
1419659929007296514
1419661174401114114
1419661754246778880
1419661754460622852
1419662309014740995
1419662927242711044
1419662926995099648
1419664145323003906
1419665932214022149
1419667667347120131
1419670383142182922
1419691818447360003
1419697901014487050
1419698373850923009
1419700585612386310
1419701505024696321
1419702363225460736
1419462492959481858
1419467097747329029
1419467917855445005
1419467919399034885
1419470528818171906
1419470530093076481
1419471369624907778
