1419860359838453765
1419863329862995970
1419867275344048131
1419909867377250333
1419909869293883399
1419910428243775524
1419915112043847684
1419916082572369936
1419917669558591500
1419894019199361025
1419895894091001858
1419895895123009536
1419848218792316942
1419851484175298567
1419851485102362634
1419877807186980884
1419883282875912200
1419822547529392135
1419822547705778180
1419934124429746183
1419935814406971393
1419936959695364135
1419937503390351361
1419938076621684736
1419943944096464905
