1413332501326618629
1413337382108151812
1413338372571947015
1413339343062671360
1413339344182550536
1413344389758390272
1413393909531693061
1413394388575789059
1413395404792676353
1413402419799728131
1413407346391494660
1413319122423885834
1413322204473876480
1413323259945263106
1413323260121526274
1413368821973405700
1413370457655414784
1413372623531167745
1413376287918358530
1413292036950736904
1413297303151013889
1413361882316955652
1413361882342338560
1413361882187001857
1413410110123171844
1413416646702735362
1413422577335209987
1413309464657154048
1413310548461199360
1413311602397487111
1413315304948707331
1413316387062177793
1413377359990824961
1413378835261894659
1413392264806772742
