1421005295656914946
1421007430025056259
1420914286013059073
1420914286298284037
1420918963039477761
1420957587390943236
1420962918015795204
1420966816554242049
1420989914208870400
1420989915202949120
1420998023379775489
1421000620207611908
1420928460676083716
1420934998543147014
1420941993581060099
1420975294983376898
1420984209494183937
1420904253997010950
1420904739798233088
1420905181365997571
1420907973862477829
1420911542376140801
1420943314929467402
1420948081701396486
1420950292661776384
