1412139515205062659
1412140783096897537
1412141970856742915
1412146689675235328
1412147226894290945
1412151443356852229
1412151443331633159
1412151987853053953
1412151988272484353
1412125076112162819
1412125592284188676
1412132156441309184
1411943095080570883
1411944883309395969
1411945804823207942
1411947554540040196
1411950067364282369
1411950069415358467
1412154691438383104
1412155482853150720
1412155834130386944
1412161791707201553
1412164058997010432
1412164059173199879
1412165800853651463
1412166422894153730
1412166988307189770
1412114237992804377
1412119465324683267
1412094488319823876
1412095419874779141
1412095886205898759
1412096329401122819
1412098615539998723
1412100417731837959
1412108121061965826
1412003760356929538
1412003760126128129
1412004576782438404
1412012516952010753
1412014756332965890
1412017755000344580
1412017755679821827
1411898893982437377
1411902727718785027
1411904691026358272
1411904691177459713
1411909537003495425
1411912336550531075
1412063823700414472
1412066174876090376
1412069513881739264
1412074927180582912
1412078024204427266
1411975351140499456
1411977170080174082
1411978091874996225
1411981556189642752
1411958519201468417
1411959436797698051
1411960361595674627
1411964198188306432
1411964353239085056
1411972525077282819
1411972525182099456
1411854410578341889
1411863946630295553
1411867249158234115
1412050544185778180
1412052325615783941
1412052929297600512
1412054711105212418
1412055293073268748
1412056486189088768
1412057089007132677
1412061377997512709
1412061378752487427
1411883451163185154
1411887917027389442
1411896158683906048
1411929705754677251
1411934453400756224
1411937440449839108
1411938384004714504
1411939353522212871
1411940278953521153
1411940280559976448
1411942179552047113
1411870833878831108
1411871936389566466
1411876519295832064
1411878766456885251
1411881145957036036
1411882324145315844
1412019992371949570
1412022261482070019
1412022976455888899
1412022976833372160
1412026260679708676
1412029416373473282
1412029416767688704
1412032541603729414
1411989719580352513
1411990573616095239
1411991389278289923
1411992247994814472
1411992247961260036
1411993070485245952
1411997225329172480
1412001405792145410
1412001406488399872
1412040674501873674
1412041992553574406
1412043275385688064
1412045682064519171
1412082810022678535
1412085331977977871
1412086253022031879
1412086690492129288
1412087965497675787
1412089175755665411
1412090448525414400
1412090914865045512
1411840170626797568
1411841368230596613
1411843806325055490
1411845798967529475
1411846316884381702
1411846320453730306
1411846875829862400
1411850256267022336
1411913197553061889
1411915817432846340
1411920264544329730
1411920264875720709
1411920265471090696
1411922708519129092
1411922711249555457
1411927452742471681
