1412337749923962884
1412337749051461633
1412338256541274114
1412346744344510464
1412348431708864518
1412348432317042688
1412348978197303296
1412282512580173825
1412287721242992643
1412288364166930435
1412226524556644356
1412291880482529282
1412292414426038274
1412293575975579652
1412301096052211713
1412304915171475456
1412321097639469057
1412321097995980801
1412321605280206852
1412324932873338880
1412324933796085762
1412328734070345728
1412330293042683905
1412330794505453569
1412331325655240705
1412252023907512339
1412306809575071744
1412310969913688064
1412311553848885250
1412312155798581248
1412312713330577408
1412316388828516356
1412317815739088897
1412318812263882752
1412207842208059418
1412213052343296001
1412213799487258629
1412355762656010244
1412360878427607040
1412365284690874374
1412365662463442947
1412269867391086593
1412232261806694400
1412232261790048267
1412234281162846222
1412244583052988420
