1246346262854672384
1246471516067450882
1246471517455683589
1246477074942111744
1246272573127585792
1246272573240942592
1246277762123313154
1246443213927432193
1246443768070504448
1246448561811673088
1246391398145851392
1246391242654654465
1246397136016568321
1246227128472850439
1246356727936757761
1246255293224419328
1246409546639310848
1246420493466566656
1246563079036506114
1246454966765735937
1246454966811856901
1246431311205732352
1246431314758295552
1246312024889372674
1246557613602541568
1246557286891433984
1246534213635117059
