1245979462635868165
1246003621537304578
1246009602757611520
1246049474184499201
1246049478072811520
1246050086615945216
1246050086422904832
1246050660577140736
1246055509838479361
1246153316607889409
1246153873888284681
1246158701238669314
1246159901807841282
1246159905456885760
1246159905649803268
1246164771499651072
1246164771608633345
1246165367019302913
1246135981281083393
1246136560048680960
1246147415402524677
1246147415498948610
1246148011090198529
1246130650840694784
1246130654573727744
1246131266673692673
1246219238131597314
1246015030258282498
1246015650788773889
1246020184906891264
1246020331485216769
1246020508631646208
1246020575509839874
1246078511435128833
1246079119143526401
1246079702629900290
1246084550641385472
1246084550637359107
1246084550226251782
1246113222928805889
1246119892048326657
1246119892438433792
1246119892513730565
1245881760736587777
1245881760421986305
1245962471430651905
1245962471489372162
1246061453167263746
1246061456765968384
1246067035592744961
1246068252255465478
1246073784110444553
1246073788048920579
1246090980736057352
1246090984762437632
1246096324531032065
1246096324572753921
1246096324438695937
1246096328288952321
1246102452283342848
1246103039548641281
1246032046394347525
1246033233348907015
1246180839492333569
1246180839668490246
1246180843611131912
1246181427504267265
1246186367337607169
1246191312942043137
1246170215190315008
1246170215530012673
