1246988847398805505
1246994329111068672
1246994903504056320
1247275079379099648
1247160838454226950
1247154534746656768
1247154534750638081
1247160527996039172
1247137480026906626
1247138043070382080
1247286705675210757
1247051807366365184
1247051808058605568
1247052382623522816
1246999836471300099
1246999836467113985
1247011060642693121
1247011064719572992
1247091775581368323
1247098478125293569
1247080525866491904
1247057784941789184
1247063161964048390
1247068585324957696
1247178043573047304
1247183685171937280
1247184250861993985
1247114844056190977
1247240992228388864
1247252471786831872
1247011195036545032
1247011198521884672
1247017888331878401
1247022741317767169
1246954227760541697
1246954780884426755
1246954781043761153
1246960204098363392
1247034124847767553
