1245346005450665985
1245346642477355008
1245235585763160065
1245240393425391616
1245240396784926720
1245479782839697419
1245485805608542210
1245257811711479809
1245271539789881345
1245187560965640194
1245188768971157504
1245451475209330689
1245451475502809088
1245223670210940928
1245141339999789057
1245146201713807360
1245146784059387905
1245146784290295808
1245491174342877188
1245497260080758786
1245370520855613440
1245376774625730560
1245310974422204416
1245312102820130817
1245427705979551744
1245439622202744832
1245382755837411332
1245388807970729984
1245352003271888898
1245352628264914945
1245357514654232578
1245410924615176193
1245163779567939585
1245398555705016320
1245404536967028736
1245294834648100864
1245467787079741440
1245468382436171777
1245468961443061760
1245276833198665728
1245282889605902341
1245288250169647105
1245288850185994241
1245199347144372225
1245199347295252480
1245199939124072450
1245211536068448256
1245328997527040003
