1248657492105744386
1248663111663484935
1248675053891252226
1248406761444274176
1248520519487455232
1248531508333248512
1248429737715752961
1248594410356592642
1248435488148451329
1248492458721173513
1248498062806224898
1248451254017118209
1248469083902734340
1248475102909325314
1248475103005822976
1248641222434082823
1248641222660567040
1248629725955624962
1248629726068928513
1248630837349953536
1248635283106603008
1248714991760478210
1248761419207606273
1248748332341739521
1248720205087473666
1248726228456046594
1248731383566151680
1248731386346962948
1248548952636411904
1248537388596461568
1248548394827735040
1248646872073412608
1248691516316487684
1248691944114606082
1248697917407408134
