1252674796887957505
1252503405316182016
1252435742476742657
1252441656885825537
1252623974141485056
1252607453247782914
1252549915919757312
1252485935616282624
1252487217156689920
1252652856642957314
1252532517904584704
1252572833391112193
1252577878736285697
1252709680817659904
1252710096167108608
1252716064565268485
1252424249693761536
1252430600184586249
1252458727237533698
1252566805106896897
1252697542686621700
1252698410349588483
1252669641496895488
1252670090249752578
1252589828358602753
1252594915688820737
1252726658701971461
