1248049397709053953
1248050312541122562
1248264758303821825
1248269560958107648
1248275982802395137
1248298157500334082
1248258147137044481
1248258622368382976
1248263869417562113
1248264288843845632
1248168306101682177
1248326431379206147
1248338498303778819
1248207308942979072
1248213667700711425
1248236417441910785
1248241157307539458
1248133003282468864
1248133003462823939
1248133003580264453
1248133003567493122
1248293137044451328
1248293195580084225
1248287227144175616
1248287470439092230
1248156852489248773
1248144776886714368
1248099695735582721
1248224287808512006
1248224288097939457
1248309947877584896
1248309947818848263
1248309947915358208
1248070982255939585
1248076547258486786
1248076547329843200
1248195854932082688
