1246604023651659777
1246609628235882497
1246908827972374529
1246919729299828737
1246879199513784320
1246884644303310853
1246937127411163141
1246942638948966405
1246942639087333378
1246942642321096705
1246815706382872576
1246850854143090689
1246638295502573569
1246685523097387013
1246695887432060933
1246701445291917312
1246896659998613505
1246902058525102080
1246902058634133504
1246920550963908608
1246920551001657344
1246920555326050309
1246931490115653640
1246730385700028423
1246862287954235402
1246862858807324673
1246867736321568768
1246867736426250240
1246873163658641408
1246873168066863105
1246845049276706824
1246719677704871936
