1247568638128861188
1247556239715901440
1247557590403383296
1247562774538063877
1247482051516928000
1247492721364938754
1247470391699943425
1247471024389722112
1247471023949148162
1247453559484043265
1247458239823872005
1247464007566389248
1247348861644861441
1247361422373163008
1247331609885409280
1247332435911729152
1247338094090768388
1247618974260617222
1247624523198992387
1247389184685473794
1247659218498392067
1247585444847472640
1247596870232346627
1247510572901564416
1247517002094145539
1247522492752654341
1247551819275841536
1247419006992203776
1247424060776120320
1247602356289708038
1247602687350321152
1247608258136768514
