1253241560835264513
1253167841123217413
1253405012438315008
1253287248478511104
1253189786044469251
1253190252635684864
1253201774208356352
1253337706043588614
1253297935988797440
1253303577331806209
1253304047660130304
1253381305385041922
1253112078119907330
1253112078283321345
1253122736152592384
1253258727827869697
1253309210709970945
1253128083902623751
1253128486526480384
1253134102208884736
1253173000922423296
1253173817796485121
1253178939771502594
1253338121359339520
1253348385324781569
1253348385303789569
