1253477930337996805
1253539218707578881
1253545198887436288
1253590804351922176
1253673887428206592
1253679369660366848
1253718553326477314
1253723238666047496
1253667907914981376
1253668347163447296
1253668775590858752
1253628744901722117
1253629127523028992
1253629127669747718
1253601733504360448
1253555689009659904
1253556019768299521
1253511170826305541
1253612023004495872
1253612824552710144
1253624089035583489
1253702560504074240
1253712958351425542
1253639863922036737
1253652174720114690
1253734881760329731
1253740988234895362
1253791169827479552
1253791169827373057
1253803564385939456
