1267864037557186560
1267939953767563274
1267945696306454531
1267946137744486405
1267968702659670017
1267808022031671297
1267814528558837766
1267820745012342797
1267730033973628928
1267730435800469504
1267899759563436032
1267899759739711495
1267640946885308418
1267753829015203840
1267754666630283266
1267759991068524544
1267676683781406720
1267682031078604801
1267700338305400833
1267700784671621121
1267922703446691847
1267923126475726851
1267841651763888130
1267629198677549056
1267630045184405505
1267634880558411776
1267635121672392707
1267635292879622146
1267863202655657985
1267929649000017920
1267784269377744896
1267682440191053824
1267688270067982336
