1273844308278259713
1273849470522810370
1273850373996982272
1273853013933920256
1273853479417794560
1273801705105195010
1273803273330278402
1273804509786054657
1273804510083682305
1273804921138221057
1273806862576521216
1273809053857181697
1273830475782594563
1273842580388630528
1273769147839676416
1273770740404367360
1273771128310444034
1273774902156328960
1273775317640007682
1273776549406351360
1273779457568972800
1273780288791949316
1273815195996078082
1273823736924258304
1273824172901351425
1273786060695355392
1273786060779241473
1273790480917069826
1273793096967262208
1273861576248848384
1273863852606750720
1273869522227941376
