1268768123647336451
1269042741469683714
1269044464846352390
1269046223262056448
1269046677614321666
1269047585412710404
1269048891657379840
1269051589785944065
1269052026064908295
1269055668222406662
1268917608474083337
1268751235500441600
1268927340291162114
1268934436307034113
1268981227035529216
1268975104760913925
1268786616069480449
1268791912846278657
1268846357449633793
1268709882313805827
1268715605722640384
1268833839960526848
1268839099206639616
1268809897438703617
1268894031867756546
1269029119414530048
1268939919965241344
1269016892485894144
1268822132840169472
1268958036518789120
1268963318657622018
