1268516879615897601
1268409776905629701
1268410181219569664
1268417189658296327
1268427856440426496
1268452610891304965
1268458324028280832
1268464021000409090
1268464022849904640
1268528825530380292
1268539366797987843
1268539821800280066
1268594160736632832
1268563852184166402
1268564251515502592
1268569871182213126
1268486853294002181
1268354905388888065
1268355839712284681
1268367839179747331
1268372681868673025
1268499706587549697
1268575155531452417
1268580897261064195
1268545607003770880
1268343006131662848
1268343460144263173
1268623310192914432
1268393206976307200
1268397918752509953
1268399155317223425
1268404875790036992
