1267328093229854720
1267334199930875906
1267334623958200320
1267430845410955264
1267431268838510593
1267437560265158656
1267274797505003521
1267448581901910016
1267449488299438082
1267449488500641793
1267449488421130241
1267454761105793025
1267455646598864897
1267509208360062976
1267514969811271681
1267401241379794944
1267250068509216769
1267304054734151680
1267304054704631811
1267412629787684865
1267425018557931520
1267370018632802304
1267370109317853184
1267370824379576320
1267370824585134085
1267352939674427392
1267352940207112192
1267364771692793857
1267364771914895360
1267456065161093123
1267467385084227584
1267467800802623489
1267497584500899847
1267497991553921027
1267473739962294275
1267479800920276997
1267480676821094410
1267383004755832832
1267383005057818625
1267388683499581440
1267389107061342208
1267346376704188416
