1384583264543854601
1384583267886714886
1384585570203193345
1384587414673448961
1384588015050366978
1384593310388473856
1384593313895010304
1384593920353390594
1384594526564667393
1384595151998312450
1384595746473889792
1384464701141123074
1384474353140518913
1384296461723074565
1384300915692163084
1384301685732823041
1384306693475946496
1384328437985386496
1384328438144634892
1384334159112400896
1384335341604294660
1384336594036006916
1384337252898152448
1384337255586689025
1384337881435721729
1384338499210563588
1384339131484934150
1384339133561147403
1384339757493149698
1384340393735737346
1384312382713831424
1384313090594926595
1384319315659436032
1384324258231459844
1384387960691331074
1384391496447762433
1384399912054497285
1384401131015655425
1384447023311642624
1384452146800644106
1384455763788107785
1384492770035789830
1384506800335065101
1384568085294862337
1384568684069326851
1384569259439886336
1384571037304557568
1384572174040649730
1384572174246219779
1384573285141295106
1384573854618583048
1384573854673117190
1384573855457550336
1384573855776186373
1384574425807339522
1384576220793217029
1384576816971763713
1384578034821476358
1384578033852485640
1384579220647653379
1384579220685434880
1384580387519844352
1384580974323900416
1384581547488067590
1384582116034457600
1384371339230810115
1384372555377778690
1384373173785825281
1384373174175940609
1384376252304302081
1384376253852028930
1384379442152185861
1384383908247080964
1384383908519628804
1384383908859445250
1384383909299834886
1384616167831048194
1384617443683827716
1384512140325924867
1384514594513702923
1384515839165075457
1384516474191110144
1384600400947564545
1384600994772815874
1384647040018395137
1384553214364815360
1384553215312683008
1384554986210832388
1384554986382807041
1384555550415851522
1384555551590391808
1384556116940623874
1384557253760589835
1384557842275786753
1384558402978865164
1384558405038268417
1384560093115535365
1384561826642411520
1384562417376456705
1384563574547247104
1384564719504273410
1384565274163261443
1384565274280554497
1384536441632423941
1384356410952089601
1384357016634757126
1384358260732436481
1384358850699091968
1384365735292534785
1384366976907108352
1384368847071825920
1384369500833804290
1384482039253151747
1384486252276187138
1384406610672500737
1384407228740902918
1384411456033083398
1384411456427360256
1384412697383559168
1384414436409020417
1384544575654547460
1384546881074778120
1384548614488399873
1384549783239528448
1384550350489886732
1384551518167314439
1384552103658409988
1384341651045289984
1384341651003371524
1384342919272927233
1384344688052813827
1384345904593969157
1384346548364972032
1384347144874774528
1384347145021452288
1384347739652337665
1384348948421398528
1384351441335197696
1384354583435268097
1384355811581861894
1384418587297947648
1384419821488590850
1384432432208748551
1384432432900935681
1384433042823864320
1384439815429443586
