1384129989847572483
1384135266315640832
1384138687999475719
1384139920915144716
1384139921179299841
1384141750013288453
1384141750084595718
1383964554032390154
1383965217642586115
1383967203595149317
1383969860728725504
1383970516373958659
1383970517078609920
1383971778767163394
1383972387075493891
1383974805091741699
1383976070848737284
1383977366368571400
1384161635388907528
1384162806648348677
1384163395859992578
1384163396380073986
1384165163872374786
1384165754308743180
1384166923429060619
1384166923450032133
1384168581236019202
1384169701475946501
1384170259716861963
1384171977552760839
1384173761801318406
1384084564130160643
1384086420076130306
1384087631319891977
1384088231998726149
1384088831423520772
1384089994348810246
1384094303912300546
1384099229312851968
1383948573465726989
1383948575860686851
1383950529286443024
1383951793747501063
1383956709253672969
1383957417604444161
1383958104371392512
1383958756959035395
1383959258446721025
1383960726989991937
1384236930670338049
1384247189795344392
1384248127293517825
1384249636819324934
1384250828773490690
1384251763159535620
1383979210553757698
1383979811643609101
1383981615496327175
1383982853172523011
1383982854330142727
1383983475787665408
1383983477129814019
1383985358598070279
1383985986787364872
1383987306541948937
1383990577037905925
1383991943936442377
1384267305522130944
1384267989155868673
1384277368529817612
1384039348295725061
1384042156915003392
1384045470167625735
1384046015469154307
1384054075411496968
1384099847087689737
1384101073552502789
1384102255624802304
1384102843334893570
1384104640875155456
1384106966868393993
1384106966964789257
1384112291084267526
1384112292288110594
1384055304703275013
1384055961464172552
1384058391564226568
1384060768476229635
1384066320816238593
1384066932647755778
1384070023837143045
1384073160853581826
1384073161541447680
1384078022836244484
1384079220029083649
1384081623709216779
1384205154283491334
1384205750197637123
1384206368396111881
1384206966881353732
1384208773955260420
1384208774055940105
1384211162871468040
1384211162783313921
1384212972638138369
1384213550969749508
1384215959439691786
1384215959842398213
1384216567110455307
1384217790358245379
1384219651748483072
1383933515511648256
1383934192438841346
1383934193214779399
1383934914555383814
1383936344582283272
1383936346796953608
1383939165583073284
1383939842405371911
1383941235543461890
1383942509458386947
1383942510569955328
1383943839660998658
1384024431236845568
1384025585723215878
1384026174129524749
1384026755581636617
1384028998301143042
1384029560300195840
1384029561076142082
1384031247865847808
1384032965332594692
1384033534289932293
1384033536349413377
1384034733923860487
1384035910354800646
1384035911290085382
1384012994254802946
1384013660176093186
1384015540566384642
1384015540746813443
1384016146144272387
1384017893566730241
1384017897148743681
1384017897220018176
1384019756336877569
1384020355669397508
1384023279187349507
1384178960955674626
1384180122085859335
1384182455674884099
1384185386998501376
1384187141710704640
1384187144097329158
1384189123557163012
1384189464600203266
1384150490066288642
1384155472781996037
1384156097439698949
1384158601606955009
1383994530345603083
1383994532790820875
1383995857297502211
1383996498212384770
1383997141807337472
1383999074735575048
1383999706599071748
1384000316132139008
1384002832823513088
1384002833108795394
1384003482894495747
1384003483943116800
1384003485193015297
1384007956367171591
1384008601023385607
1384190661176414219
1384190663302926337
1384193616982142987
1384194219565223945
1384195398948974599
1384198980251254791
1384201757799063554
1384202926172766222
1384204018411442178
1384204019447435277
1384204593677045767
1384114739488325644
1384117772347535367
1384122482697719817
1384126465176788996
1384128836086890504
1384129410115067915
1384291536637026315
