1379406210059825153
1379409103219527683
1379409685921595393
1379265717531381764
1379534874340655104
1379535452257067010
1379536030638948352
1379536594315661316
1379536596609941515
1379536596798738433
1379537205794721795
1379538382603292675
1379538383014334465
1379358791913795585
1379362275493081094
1379364424721518592
1379364426403340288
1379365150579421186
1379367243012698112
1379367246687043585
1379368009475575810
1379370157974421505
1379372284251680769
1379372285749030913
1379372287682568194
1379344759475556353
1379346211971469318
1379350333340725250
1379353813123928066
1379354539707498499
1379356622133231619
1379438580506984449
1379439197224759302
1379444082288828421
1379444667905757185
1379313572627501057
1379317143066406914
1379321991170125825
1379324167615610881
1379325612242972674
1379481078453395458
1379485897779933184
1379487072252162049
1379492491154579457
1379238462818119684
1379238463342526465
1379242527824482308
1379542452051271689
1379543010539667465
1379543567165751297
1379544755386875907
1379546469565407238
1379547606100103173
1379547606154629133
1379547606368591874
1379548761521680385
1379549919975985152
1379550468041551872
1379552800850505729
1379461452210245635
1379507225442578435
1379508420341084163
1379396058778845188
1379222757813198851
1379225983190851589
1379226672411590663
1379464468170739718
1379466229723885571
1379467394872147969
1379470915579174914
1379300503213907970
1379302360527347714
1379304138798866433
1379272989334663171
1379275260508405761
1379278387852754946
1379510160855605255
1379519677194452998
1379432852073316354
1379555117842718726
1379556247549186050
1379557353637486593
1379557916471091202
1379562103082655745
1379562106249306115
1379562107687989253
1379562675252965376
1379563812148371467
1379564393218723841
1379567435318128640
1379570492542222342
1379571105371975681
1379571105736896517
1379571707745214468
1379574084623872000
1379574670723190786
1379576468733313027
1379576469039558658
1379577088630480898
1379577716865957890
1379580210199330818
1379580795816448002
1379581393995464706
1379582559051464709
1379583183608549376
1379583821100642304
1379583821360869379
1379374386524864515
1379385875310731279
1379329752348160000
1379329754860425225
1379331728976711690
1379335997096402946
1379337481854672898
1379341186406744064
1379341900830842883
1379342636163727361
