1379119909557309441
1379120523632803840
1379121135674069000
1379121135783186439
1379125492306096131
1379127367944314884
1378982073172643843
1378982910288486400
1378985399952023554
1378987085693132800
1378987937606610944
1378991977920876546
1378995243148804096
1378995242775543810
1378936434674049027
1378937491512778753
1378941832948719616
1378949170321559553
1379071617217740809
1379073392633073671
1379073392737988609
1379076928196337664
1379084621938298884
1379084622361985024
1379087055494463491
1379090191978098688
1379091321869189134
1379094252576210959
1379098888687206403
1379098891472228354
1379163249342513154
1379166841579376642
1379171561974939650
1379176619911348226
1378920805191491595
1378921811249889284
1378925855053864962
1378927919876038657
1378934364990488581
1379042634962935808
1379047605301342211
1379049434642792452
1379050638240276480
1379053522616999940
1379193281679081475
1379195142117208075
1379012416407797762
1379013469345869828
1379014883736363011
1379016440267825154
1379019328075468803
1379024578580676608
1379025284427550721
1379104751531479041
1379151491710132225
1379152638730702848
1379160860590014470
1379177225166196742
1379178459931439109
1379183351391719427
1379026701326417920
1379028046603255809
1379031284996059138
1379036318752108552
1379038910404263937
1379039544327176194
1378875086468448258
1378875840952475650
1378875841656971267
1378876571671539715
1378877308300320773
1378878030936948743
1378879477850144775
1378880213896069121
1378880956556210177
1378880959647453185
1378880959995641856
1378880960280793089
1378884063658934282
1378884821183791105
1378886384690286601
1378886386468720641
1378887865581506561
1378888598322360320
1378889377460457472
1379060037562302464
1379064839012749316
1379065467135012869
1379067946920738818
1379132322595868672
1379133520166191107
1379138797124919301
1379139899060850692
1379141585653227525
1378860100237025280
1378863116918788098
1378863832295219207
1378866036326424579
1378866758514266113
1378868251514568705
1378869781537955841
1378872827391148034
1378873575294300160
1378957902954831872
1378908332308717569
1378910090741354496
1378912735904301057
1378918995076603904
1379208919311077384
1379217368178683910
1379218023987490824
1378967741881839617
1378970515331776513
1378975002037477379
1378976900975108096
1378980427420012546
1378890913808797697
1378891679390896130
1378892464858218501
1378892467827785729
1378893225944096768
1378893999596056576
1378896391171358720
1378898041743142914
1378898871183622144
1378899719674601474
1378900537643393026
1378900542865305600
1378903693274226691
1378996016905588741
1379005817379229696
1379007399244128257
1379010454400421891
