1402386281364029440
1402396143926054912
1402060683471171587
1402065617264517121
1402191255820505093
1402193735459377177
1402194583614726145
1402196244596985858
1402196245351862287
1402197994196381698
1402197998608683013
1402198905429757957
1402198908810395651
1402198909200453636
1402202631687360516
1402202634883272704
1402203529226321924
1402203531235397637
1402203531369721856
1402203532183236609
1402114853846851584
1402117011325427718
1402119394218627077
1402120098182221824
1402329839445721097
1402336490680721412
1402160515221233666
1402161282711576577
1402165236132716546
1402146027570962432
1402147489604538370
1402147489969360896
1402151317905231872
1402158307863846914
1402109706764800005
1402116318573256705
1402358557362827265
1402368158862917635
1402369157958713356
1402069041238491140
1402079950002438147
1402222577154727940
1402227198187257861
1402230183541755906
1402230910234234882
1402232391092125714
1402232391058571268
1402251447614410753
1402255512155131908
1402260642355089413
1402261995206975493
1402261996628856840
1402341558951809025
1402346025860337673
1402182459140288512
1402183214987366404
1402184584830193665
1402173819771572224
1402174840879075328
1402179848911659014
1402181896092717057
1402182898845843459
1402184870512758787
1402184873922682880
1402184875168321540
1402186976808345604
1402186979450757120
1402091096218378242
1402235293957197829
1402239453150679041
1402244025856532489
1402245426783399940
1402248847569690633
1402204431765184513
1402204434298511360
1402206418808229890
1402206424567103490
1402209498593378306
1402215172048052228
1402217001985183752
1402075142927257603
1402163286406172677
1402165278193209344
1402166250688507904
1402166250717913088
1402166254295601154
1402166255159808001
1402167235838365697
1402168291422982151
1402171948960870403
1402198716220596229
1402200763720364033
1402219214979620867
1402223636610793474
1402224289760219138
1402232524407926785
1402204650363920388
1402209169512480769
1402058183300976640
1402061256652111873
1402269901205688325
1402269902229147651
1402275208782827531
1402275862398095362
1402309600204918787
1402309600280518658
1402145192518459393
1402146178876121089
1402148134608834561
1402148135523155968
1402148138694189057
1402149138641399811
1402149140595843075
1402152090521280515
1402154126536974370
1402155194968805378
1402157250165317633
1402158059862958080
1402294955368845317
1402294955754754055
1402297060041371651
1402303134412808194
1402305953442185216
1402128254371237888
1402128254673244160
1402129009786249228
1402132126099677191
1402406944745439237
1402413253393666048
1402129253651521540
1402129254201057281
1402130257893761025
1402131238329098246
1402131242246574083
1402133339197280258
1402137796618375171
1402139899155955713
1402143122122067969
1402143128593829891
1402087107699613698
1402091125964427264
1402280669707964424
1402286061901041667
1402290159022977027
1402380209098215426
1402380209442144256
