1408313482257133574
1408290899033923586
1408298274432376837
1408303414434402305
1408368564013305856
1408370232394018818
1408231640078307332
1408243082718502915
1408278869405102083
1408279558256791555
1408279559976505344
1408283251110670341
1408287231270219778
1408259743269851139
1408353785051811850
1408363718950285313
1408215358771765249
1408250355205513221
1408256641863077892
1408256641959555078
1408341565483872258
1408343225639768064
1408345117786783747
1408345118147502088
1408327251440013318
1408331000199929859
