1406870759889199105
1406874907133333504
1406880162621263872
1406884353158770689
1407051486475997186
1407055341033033731
1407057462725857283
1407060884627902468
1406790330884653060
1406885373498720257
1406887445384335362
1406889523259207680
1406890568005865472
1406891620725821441
1406894928119140359
1406897191621480448
1406897191457746947
1406898376084537345
1406833182956269570
1406835411230638080
1406837502573305856
1406857914048995328
1406866741901234183
1406866744342286342
1406867789617451011
1406812382370795520
1406814607495204868
1406815009632665600
1406815591692914689
1406817758096936960
1406819703327182848
1406820743812317184
1406900633781903361
1406909014600916995
1406910010718818305
1406912868352761857
1406960483744325633
1406961262563577858
1406966268192645120
1406971187457146887
1406971188438614017
1406973234260713474
1406974544133431299
1406974544913571841
1406795841063563267
1406796888196763653
1406805555847458816
1407039656747745282
1407043466551513088
1407119064917491712
1407120911874985993
1407123431783608321
1407068861405577220
1407085325848092682
1407085326959472643
1407100469533630476
1406995207346851844
1407000447945166849
1407001086427156485
1407002406332796931
1407004319216377856
1407004319623307265
1406977957135015938
1406978678819598339
1406978679364722694
1406979392874577926
1406986038988447760
1406989999078248448
1407005585149771776
1407012313824104458
1407014203723063301
1407017490681503751
1407020160112758784
1406766651362594820
1406771176324620290
1406772718524116993
1406774956642471936
1406775517202857985
1406775521699004416
1406777778834448390
1406777780197642242
1406948375623192581
1406948376101502989
1406949083076390914
1406950593151705088
1406956713706627073
1406957505159352321
1406843405750177792
1406843407276908545
1406846441687961606
1406914791512412162
1406915652598784002
1406916569842683905
1406918541085978624
1406920275866710023
1406921185368104960
1406921184625762304
1406925545041018881
1406927283978338313
1406937992745394176
1406937992741232643
1407022067996893191
1407024029224128523
1407031303178948608
1407033327157059590
1407034353645981700
