1402490992289320961
1402491988134481922
1402491991036936194
1402494020891267073
1402494022531239936
1402494022632062979
1402497219987603456
1402497222831345665
1402498270316818432
1402503230794387458
1402504154216534018
1402504156582092800
1402504156716290055
1402505120156430336
1402423856552415232
1402427016675221504
1402427021720965124
1402537747198492673
1402538776291799044
1402545007295401988
1402546014431678464
1402546015849304066
1402548922996953090
1402549916795248642
1402432203116720131
1402433142905057281
1402438872055775233
1402439813303701505
1402441866927251460
1402506065166675973
1402506067813175296
1402508039635103745
1402510937903362050
1402516396181901312
1402517367544893440
1402517367624810498
1402517368308441088
1402517368903933961
1402518260575182850
1402445748780748801
1402453558721712132
1402454513823358986
1402455509236469765
1402459309783412737
1402559711585705984
1402562662534287361
1402564187860180993
1402565551998877698
1402477261823959043
1402477262570590210
1402477262746775554
1402479327615279106
1402480377785163776
1402484271852490755
1402485237125238788
1402486188968005633
1402487165876019200
1402487166773600261
1402532772259020801
1402534782160887810
1402581388478627845
1402581388470091778
1402582957857116164
1402584587893682183
1402590801083785222
1402590801230663680
1402594306083405829
1402595000400199680
1402461097400049664
1402461940090163201
1402461940048302085
1402467569030684672
1402468558227996676
1402473311506862084
1402474273269112841
1402475245915709444
1402568446190227459
1402568445791805441
1402570377931460613
1402570378485006341
1402571261822316546
