1407161919765725187
1407162556528136195
1407163956129583112
1407170040764395560
1407271340420259842
1407142715201003522
1407151277801304084
1407152696663158789
1407129589302788101
1407130783223980034
1407131522637910024
1407136865862438919
1407138238507192325
1407139551798251527
1407189709311209472
1407192166032580623
1407194043772112902
1407198337120489474
1407201427236134917
1407202112686104578
1407204986031910912
1407211806653829120
1407214668792307720
1407251469636603906
1407255443106377729
1407258743977431040
1407172607238184961
1407173882541264896
1407179241356029952
1407179241351901186
1407180610691502089
1407233323060142081
1407246820250636288
1407279677547302916
1407281104890089474
1407281807234580480
1407290889811238912
