1401811140611506178
1401815402385084429
1401815403072995331
1401818522351640579
1401819600438824960
1401822554080350211
1401822554726227969
1401823458770571266
1401823459810762755
1401766651536629761
1401767528666255364
1401767529123520519
1401768963990720514
1401770141252263943
1401770141369573380
1401770142011256834
1401770998861635586
1401771912687063040
1401772890165420032
1401773777747283970
1401773780041494532
1401774747134795776
1401775655847534592
1401775656057204740
1401776548256968708
1401776548370210822
1401776549406380034
1401776550194778119
1401777451500376071
1401777451844308992
1401780169287811072
1401751016190607367
1401751016542904321
1401751016945586190
1401751844557246464
1401752720466276354
1401754488730308610
1401755383270711308
1401756191328411649
1401756274899906565
1401758936068280321
1401758936768815112
1401758937725112322
1401760649609240576
1401761513577218057
1401762380078481414
1401763250987954177
1401763252523073537
1401763252762148866
1401764121473740802
1401764122186850309
1401764957117583361
1401764960032591873
1401765802424950786
1401829108321947648
1401829109597016071
1401830117744136192
1401831167473733634
1401835208232509445
1401837158537699331
1401838197722681346
1401839177507872773
1401841167432441859
1401841167528984579
1401723315799003139
1401724270888112129
1401725208885661700
1401856773397483521
1401857591500697605
1401858375315464193
1401858376292831234
1401859205607350273
1401859205477265417
1401859206475436039
1401860040559050757
1401865708070342658
1401870434572726275
1401751237050060800
1401751237922459649
1401752106365636613
1401752950624587778
1401752950569984007
1401752951283089411
1401753762717384705
1401755247190622214
1401755979016937479
1401756022306447361
1401756023124156416
1401756841432915970
1401756843194470400
1401756843421044740
1401757586190266371
1401758994234953728
1401758994876624896
1401761258538405889
1401761259209445378
1401762069830017031
1401762863744569344
1401763655033647114
1401763656283541506
1401765222679941120
1401884235087089667
1401884235993071616
1401884945812013060
1401799686600544259
1401800683909574657
1401803696229425153
1401803695155777538
1401803696673984516
1401805869088526336
1401805870695170050
1401948659302948865
1401953999293583361
1401954681958588416
1401958148676616192
1401959502270840838
1401961650777903108
1401692415468081152
1401694886227808262
1401696045877366792
1401698303532847114
1401700007929999361
1401703960726016002
1401705058467663873
1401709652878843904
1401710706488193028
1401711679407149057
1401711682196439041
1401713477958307840
1401715433351258113
1401717281030246402
1401719358301167619
1401720335087673349
1401995583351578624
1401995584899371009
1401999286980661260
1401781650862706689
1401781799181684741
1401784734221357056
1401785714765795333
1401785715696889857
1401786687395532803
1401787359310516224
1401787644246257664
1401791357249748996
1401791356305960966
1401792257066295298
1401793118215675910
1401794906759204865
1401794907329613824
1401892135222136832
1401894913529159689
1401894914464514052
1401894914389053440
1401765974026571778
1401767672589688834
1401769447870722051
1401770329903570946
1401770330016784387
1401772283065094156
1401772284436631555
1401772285271232516
1401777085962653701
1401778922245738496
1401779889137545220
1401827605821542400
1401830474180227076
1401830475489030146
1401830476931747848
1401834189281009666
1401834189528485890
1401836175497695237
1401837103416152065
1401839941177339909
1401839943538724864
1401840911395348480
1401692846600581120
1401694987809701898
1401699576885678080
1401700095972712449
1401701669587406852
1401703310927794177
1401704354646790145
1401724109671763969
1401726059125612544
1401727044120100868
1401727049996328965
1401729979617058816
1401734940241268737
1401734942166507522
1402029638008725504
1402037344144867337
1401921567555088385
1401923976977436681
1401927600532983809
1401928224926539776
1401928824275685379
1401929427580239874
1401930041496330244
1401931195735281664
1402026095184994304
1402027977836314627
1402032977777885186
1402037096655867910
1401842112300077065
1401844175478345731
1401845083511590913
1401845977674399745
1401845979389718533
1401846920545325057
1401846921417822213
1401847806462087171
1401850518398550020
1401852437988847616
1401853390464946177
1401854292525391872
1401854674177728515
1401855175187333120
1401855995727388672
1402011338000457742
1402015866083020806
1401901876396896264
1401902550572539904
1401903225658171394
1401903905361956865
1401904598399565826
1401905274907246598
1401905936722169856
1401907282892378121
1401909893922275334
1401909894102585348
1401910543154245634
1401912970469285888
1401913585001975810
1401914183592128513
1401914813014478854
1401934311675334663
1401941314363662337
1401941314514599943
1401946193542979584
1401946194008363008
1401946841034510340
1401933136313950208
1401933137534402567
1401935052850622464
1401936977121873924
1401937574738890757
1401940126247407619
1401942549410033668
1401945355780984841
1401872853021065218
1401874205960904712
1401876867695603726
1401878828239237120
1401880236032135172
1401881627115114500
1401881629346340867
1401886154690007045
1401887033694593026
1401890470368886786
1401890470796558341
1401891179734597639
1401891859975356418
1401892577540980736
1401895523427110916
1401896257677762565
1401898419023646721
1401899110261723139
1401900503492186118
1401963863860461570
1401966459396366353
1401969657075077121
1401976334964887552
1401843752482873353
1401843752965128192
1401843753812258820
1401844780900962310
1401844781878181895
1401845700057464833
1401846621474758664
1401846622456139776
1401847551872151555
1401849319188226053
1401852157184208902
1401853077540507661
1401853965466099721
1401854749675200512
1401979387868819456
1401741270645567488
1401744990066253830
1401745921587630090
1401746837644611584
1401748683851403273
1401748685994684424
1401749579901464581
1401749581289824263
1401750486215139328
1401917300568203266
1401924137270972416
1401926453797732354
1401926453395177476
1401929413667823625
1401930030981259264
1401931934566072320
1401706163792605190
1401708420085039111
1401709460968525827
1401709467658604547
1401709468740694021
1401709469692837890
1401710523109068807
1401713473667674114
1401713474464518148
1401715370524819462
1401716263081025539
1401718151629344773
1401718155836338178
1401719138159001606
1401781081414639623
1401781992740376577
1401782903562850314
1401782903651110918
1401783830210514944
1401785721233440769
1401786619116482560
1401787519448993800
1401787519864229890
1401787520069693444
1401789291978575875
1401790161164201985
1401791047089467392
1401792764073807874
1401793632265334784
1401794463240921091
1401795288231075845
1401811854943457282
1401811855018926082
1401812389050212352
1401813766044483586
1401813768175120385
1401814743317315584
1401815689405485056
1401816668825739266
1401816670818033667
1401818615460950018
1401819556868354049
1401825835435364352
1401825836500541443
1401947229162770433
1401949153727553540
1401957810678738945
1401958833111580673
1401961315858456593
1401971148951228418
1401971149060198401
1401971150188654600
1401977196185636869
1402013276364492802
1402015842423001099
1402016717325410306
1402004143355482114
1401981796988948482
1401901833841483776
1401901834512568326
1401903185166487555
1401903185573277703
1401905796380778496
1401907716008955905
1401914326076772354
1401916159511785475
1401856459466436609
1401857240894562305
1401858029377622016
1401858780778860546
1401858782376783873
1401861084395364360
1401863367934029827
1401863368328114188
1401864136405835784
1401864913941798918
1401864913849446405
1401736672551702531
1401738604628561924
1401741605560721415
1401745336658366482
1401745337761484806
1401745338512207881
1401746356646076420
1401747375631192064
1401749229362724864
1401749230230798338
1401750136850579459
1401796973410197505
1401796974223843331
1401797814368182272
1401797817719418884
1401797818264686593
1401799646029168643
1401800575537213441
1401800576942313474
1401802443688595460
1401803396789661696
1401803397536227334
1401803397930504192
1401804286120574979
1401805204740136970
1401806187809566727
1401807149869715459
1401808916216913923
1401808919295520771
1401809848023490565
1401809848979779584
1401810868820529152
1401810870242451458
