1403250354641412099
1403253820440956932
1403256653865234434
1403260381737459713
1403281578940190727
1403281579682717697
1403215802984108034
1403216474110513153
1403217252573356033
1403226881571180544
1403229571932057601
1403173116000575491
1403173923525627908
1403176236747137027
1403179166808244228
1403181375751139329
1403236538821996549
1403237945545351169
1403239299806552064
1403242116885585921
1403242117007175685
1403157921869926400
1403160660385619970
1403163484842565633
1403164206271057922
1403140742604677122
1403141390071209985
1403143951524192261
1403147157029326852
1403150552096133122
1403190522357948420
1403193959577309184
1403196661669666824
1403268881821536259
1403270802494078988
1403316295165227009
1403292623016804355
1403294079539040260
1403296312775303170
1403298453409525764
1403300537722937346
1403300538821885954
1403303223696531458
1403304570630123527
1403202562191282179
1403207561222844423
1403213838938345474
