1455240555416465409
1455242890247122953
1455244088370995207
1455247609518444547
1455054049963819018
1455059376524324866
1455061188623097859
1455046266929303553
1454995644683206659
1455175205475651588
1455175207941906432
1455176409240977408
1455181469626867719
1455185467532619778
1455280349882245128
1455292477225816074
1455102928516096003
1455104670284800004
1455111152942428163
1455270844612202499
1455273128343609348
1455277871166107649
1455074629312294914
1455074629673013250
1455077706471657473
1455079196951257088
1455311878767448064
1455165081222725635
1455170820574269447
1455130230197297155
1455135849876705281
1455137163235008515
1455140937651347461
1455142244332281862
1455112640636669953
1455112641198936070
1455120308969607171
1455124814801346560
1455204663884763142
1455210045730394116
1455213540919463937
1455216975492362247
1455194727456854020
1455200255239196672
1455222387839062019
1455226988092968966
1455226988885577739
1455229336798343174
1455297195754754050
1455298497188663301
1455306379720151045
1455307734375665664
1454963159324897283
1454972043905142787
1454973222642982913
1454973223792173064
1454974476655996931
1454975742266290182
1454976346933719042
1455008952966656002
1455008953859915777
1455010542398095361
1455147412629049345
1455147413791023111
1455150081011818496
1455150081389338631
1455152644654313473
1455155242492964869
1455022306032508928
1455027408231227399
1455029127052816384
1455029131352154123
1455030915701215233
1455082251574722560
1455085512046399494
1455094329660346372
1455096189838237696
1455096193881620483
1455252034815512585
1455254263496527873
1455259989312954372
1455261238842335235
1454981624118996995
1454987325872562180
1454989997258559500
