1455442520490577929
1455327237306212353
1455327238455537670
1455333654255882240
1455335292337020932
1455401465699131394
1455447580947537927
1455448720355512320
1455449741765103616
1455394045392572422
1455498956276895751
1455377480936685573
1455551710261235716
1455564778030739456
1455461961773240324
1455540039325208585
1455541638961373184
1455544144080871428
1455544961122852869
1455544963324862473
1455547140323696640
1455530186439544840
1455505700373897221
1455511708953317381
1455478449733210115
1455480717501161472
1455343702566658048
1455343704533831688
1455347388533514246
1455352847961231362
1455352851597705218
