1456431268355317760
1456440581782052870
1456416034957709315
1456489225692463107
1456492097545113600
1456648204288622594
1456582062899490819
1456584500536881152
1456595544567128064
1456606608780251139
1456546996983144450
1456551119707062283
1456559543886954505
1456567971577540612
1456567971791450112
1456573166705430531
1456475673120411648
1456475674382794757
1456504873269161995
1456508779713925121
1456508780615585792
1456461419545649156
1456465023262470160
1456623157092159489
1456628144291471360
1456628144102727680
1456631348534386694
1456615447005175812
1456617876807471106
1456618487149826057
