1456141526975791106
1456148393965744129
1456170545616195585
1456174180064501760
1456231730478788612
1456231731195904016
1456235360816713731
1456237537987645443
1456238836216963080
1456099528071782405
1456105925882875904
1456163665778970626
1456111167282327553
1456111167760437248
1456049124638220291
1456056719658921985
1456058664977059841
1456125036268564480
1456125037317033986
1456184743016472578
1456191809902632961
1456068530810535937
1456074107825627140
1456218736436908042
1456201117767983104
1456201119470919687
1456209752967585797
1456080006208237568
