1455792277205442565
1455737893410988039
1455746005878587396
1455746006960640005
1455898347408084997
1455902811955372039
1455892649056120846
1455893293997436928
1455893976171569157
1455894710694735880
1455895408887140353
1455895409516105730
1455766925762519040
1455771486556409856
1455773056513761280
1455777499116236800
1455785883899240453
1455790687375482885
1455822363665133572
1455829025490882563
1455830161320988677
1455830161744703488
1455866623286415362
1455807826241150978
1455814479854325760
1455814479242047492
1455814480969994244
1455816662343634944
1455819596955594752
1455704427491385345
1455705313848356873
1455713298247086082
1455714245686054919
1455715270547361793
1455716265289469960
1455915393025982478
1455915784367190024
1455916989071990788
1455921453057167364
1455924958685810696
1455846858648064005
1455718408754851847
1455719457427529729
1455719459461681158
1455722992391147520
1455730220258918407
1455875753074167810
