1474199692057710596
1474203509339869194
1474203916761894913
1474205707364876294
1474206092376911875
1474206975743430658
1474210991839793165
1473837106514599940
1473840176174665735
1473841894018846720
1473842758867632133
1473843183888965639
1473843656138309635
1473843656301895681
1473845464504029186
1474260659428806660
1474262339377455104
1474263517666680832
1474268371197829121
1474268372443353089
1474271389586968577
1474217264115240979
1474217738604269593
1474217738646310912
1474221667136069632
1474223571111395332
1474225522326523938
1474226536165232640
1473856020933853184
1473857464214999049
1473862877169827845
1473862877782196229
1474243674280062976
1474244831492911126
1474247177627185172
1474258430391111680
1473824719728267266
1473825159261925384
1473825596685918208
1473827816563265542
1473827817167147013
1473833017244372997
1473835286488662020
1474169763320504329
1474170197049323523
1474173537892114435
1474174458487525376
1474175821648597017
1474177627904692224
1474178981188538375
1473810499972202496
1473811417476345865
1473811866770104333
1473811867529203720
1473818200525754371
1473818199871434756
1473819479746531330
1474284578776834050
1474286767884881921
1474184921803493381
1474185392614219777
1474188800486166529
1474191676985991168
1474196081609265154
1474229563651596290
1474232265873911808
1474239711954681858
1473877198612353029
1473877691229261832
