1476342543042301953
1476343368598839296
1476348447150292996
1476349350976671744
1476350238336110594
1476350238298419209
1476355959765229573
1476740202014003203
1476747901720223746
1476389623496650757
1476393757431980033
1476402064229998592
1476761550849462276
1476764209128038401
1476372971778457602
1476372971832836098
1476376651957248002
1476379907139588097
1476381075744206854
1476384795278155781
1476783127339147266
1476783127800340480
1476785656970031104
1476785656726761500
1476788348425547794
1476791035061809184
1476791925902618648
1476403302468227074
1476404910795235331
1476408156016234496
1476408930515369984
1476411022529351684
1476413202741276681
1476416524994895875
1476800239399022595
1476802260483153923
1476808417561907204
1476808417478164480
1476808973168877571
1476709618889936898
1476715181593878530
1476715961575424001
1476715961487085569
1476718890059059201
1476360658543382528
1476361076375572483
1476363194860032003
1476365746196422664
1476367447666003968
1476371253271408643
1476769062256586769
1476769970541379585
1476770814800412675
1476771677870510083
1476773816894435332
1476774691796922369
1476777212967677955
1476777635757707266
1476779674898468864
1476720206085070848
1476721099157159939
1476721540284792833
1476724707919491072
1476726481804046345
1476727788690235393
1476732898787176478
1476734535194890243
