1469210346489401345
1469170425036902400
1469174032855715841
1469174745895735298
1469094715664605185
1469098521601085441
1469102538083340289
1469105602588602368
1469164842015674368
1469165744524906497
1469226506845143047
1469140275922673665
1469152574079127559
1469235150466736131
1469236511723905024
1469241764837945353
1469245205551280129
1469195144985513984
1469198025885114372
1469269610851622917
1469275524887420930
1469250793161252864
1469256472504815617
1469257810093486086
1469258472365727748
1469110038350471169
1469281260795273225
1469284363355529222
1469288978125840384
1469127484805369864
1469134458922024960
1469135251184128001
