1467815065625640962
1467815943317311488
1467817730690908160
1467818554007474176
1467818554200592384
1467818555039174661
1467819326774419456
1467820178427633666
1467699634034384898
1467702858216845314
1467703934512812035
1467796263659876352
1467797225782796289
1467797227636674564
1467798216477487109
1467799086296354821
1467805025296654342
1467805029042200580
1467805951885381637
1467810497206444036
1467760680321302529
1467762759890780164
1467763794545938435
1467904739157368839
1467906320816820226
1467907232822083593
1467909176072491020
1467910062949736471
1467910535236636678
1467915321860263939
1467676064675549186
1467677109044883456
1467678166517170176
1467681373653807105
1467686497348464642
1467843833991995397
1467846802858725380
1467847536668991492
1467853081694068740
1467853083472367621
1467853084097404933
1467886656652984326
1467889063579557899
1467894196161896451
1467860688131534849
1467863992391643137
1467946928663142400
1467950955832528896
1467787616741466112
1467788567007088640
1467791377425584129
1467707201473101829
1467708299449540614
1467711460189130766
1467719375876546563
1467743215910633477
1467747405974028292
1467749472574664706
1467933984290230282
1467936004850032640
1467940387453026311
1467945045680607234
1467929504869871616
1467968540963753991
1467970565013217288
1467971999544877057
1467972988813283329
1467973448844652546
1467660614696947721
1467661512424792066
1467666936628932610
1467673085168041987
1467828193377742848
1467830670433169408
1467832340927827969
1467836338795917323
1467840102856593409
1467650236713603075
1467650237976100864
1467652238634106883
1467653545403228161
1467653545579233280
1467653547898683398
1467654001256808454
1467655845542514697
1467722046134050822
1467722047681753089
1467727832021360640
1467729984840101889
1467729984886382596
1467734580299976707
1467765871418429440
1467772215349465095
1467776454641569793
1467780677911388170
1467877694138470403
1467878343437651969
1467880281839476741
