1468007576918966279
1468011358893477889
1468014547374116874
1468016485415243782
1468018544483135490
1468057477497323525
1468059810075758593
1468060546549399556
1468063632709898241
1468068055682977797
1468072561313562625
1468150023032647680
1468128523667730432
1468141411644043264
1468141412919169028
1468091819950936066
1468190574704349184
1468192452792266757
1468196079074263045
1468198470569897985
1468174405914271746
1468176545139339264
1468177245558747139
1468179286330941444
1468180672938491905
1468187303919202311
1468116584015142913
1468121821354467335
1468121821509787652
1468122613402652672
1468123496970657794
1468028021118410760
1468041095384743937
1468049350056161283
1468051683985002501
1468161408386977795
1468166720745529349
1468167612433588226
1468169464420184068
