1468795601508876295
1468807156384161794
1468748491971350530
1468750643514933249
1468756717404147717
1468761612823642116
1468764951229599746
1468764951347146753
1468768867212271617
1468772233510273027
1468772234453991430
1468817124932165640
1468734808536748033
1468735460029595649
1468737994278514692
1468743748658073603
1468743749136044037
1468747055820513280
1468839579922751488
1468846472812711937
1468847155699929098
1468849056822829056
1468781440397725703
1468789696499224577
1468824112881553409
1468837459840622596
