1288996841791651847
1288998517588013057
1289002288963399680
1289080133186281473
1289085543289159680
1289087368549421056
1289088770919337984
1289091062695227392
1289092910554603521
1289066728153112577
1289068446932586496
1289051093926703105
1289062476991037440
1289003187983331329
1289006335976263686
1289017161759907840
1289022439494684672
1289025143839297539
1289028143588601861
1289034257604792320
1289039236985839616
1289039707947569152
1289045705311608837
1289045705621942272
1289046124813197312
1289046555199078400
