1286240721301839872
1286240722589569024
1286241338716020736
1286241346068418561
1286241962102669314
1286242576245207040
1286243132305215489
1286243134532456448
1286243666517000192
1286244261013475328
1286245429324259329
1286246022746865665
1286246618631753728
1286246619692711938
1286248416020963328
1286249002711867394
1286249003131125762
1286249006423670784
1286250150394912768
1286250717573861377
1286251291505823752
1286251299806351361
1286251301513449473
1286251893908557824
1286251894541877248
1286251894650753024
1286251896295104513
1286251898446569472
1286253047748820992
1286253048671674371
1286253630518108160
1286301861260283905
1286303572699693057
1286304135843844096
1286304139652337665
1286304717383979008
1286305917391089664
1286307079402262529
1286307629866856448
1286307630496075781
1286308795241701377
1286308800098492416
1286309951917289475
1286310544085880833
1286311693950291969
1286311697192382464
1286311698698248193
1286312264124030978
1286315087637229569
1286119032727494661
1286119036514951170
1286119036624023559
1286120147908845569
1286122383531679744
1286122382411935745
1286122388220977153
1286122390691278848
1286123499359293442
1286123498730029056
1286123504589570050
1286124057549770752
1286124065300848640
1286124620966514690
1286125192956149760
1286125198975016960
1286126896212619264
1286127451781955595
1286127458799038466
1286128600832512000
1286128603265105920
1286129177448665088
1286130919536046085
1286131507027939329
1286131514430885888
1286132676882128896
1286133227309105152
1286133809591865348
1286133812309766144
1286254826985345024
1286254826855133184
1286254830915391491
1286255445183729665
1286256019044089856
1286256023620202496
1286258393758539778
1286259437653590016
1286260021085515784
1286260024021417985
1286260571256619014
1286260571474558976
1286261119728771072
1286262227276902400
1286262236298780673
1286262236844105729
1286262804396118017
1286263376130314241
1286263937642659840
1286263938942992389
1286264503483731968
1286265644598595585
1286265652743938049
1286266236477804544
1286266831498608640
1286270278075523085
1286270826023534592
1286271394993467393
1286271949203701761
1286273037835239425
1286273040041611264
1286274146205421569
1286276411624488962
1286276414614966275
1286277545323790339
1286278113635078145
1286278679182495744
1286279815780130816
1286280355054485505
1286280359198576640
1286281476951232512
1286281478670659586
1286282618703503360
1286282622671507459
1286283190580240385
1286283771973599232
1286284372866473985
1286284375722807297
1286333764784840705
1286337266831503362
1286338424060903430
1286338990623334400
1286338994498875392
1286341394391543808
1286344422565838853
1286318106026168320
1286319187904757760
1286320307826053120
1286320875617357824
1286324390456631301
1286324392398487552
1286324957098762240
1286324959564967936
1286326121739370500
1286327251231887360
1286328365255782402
1286375957893390337
1286376513278029824
1286378190735200257
1286378193293905920
1286378755888254976
1286379327077179393
1286379865495818240
1286379867336933376
1286381510983970816
1286382605676552192
1286383150931861504
1286384250237988864
1286384804989149184
1286385365406773248
1286388231790120960
1286389385768980492
1286389387878694914
1286389954239557633
1286390512442920962
1286134393950687232
1286134981123887105
1286134983393005568
1286134984487481344
1286135558197129217
1286135562458370049
1286137192876773377
1286137730641137664
1286137739914571777
1286140479747186688
1286141023924748288
1286141031323500544
1286141585172955136
1286141592584228865
1286142151114579968
1286142152276234240
1286143274814779393
1286144416281800705
1286144995666178048
1286145570466234369
1286146742258409476
1286103984038645760
1286104555139276802
1286105122439745537
1286106232743329792
1286106792632684549
1286110060045897728
1286111147897298944
1286112288756424704
1286112863707377665
1286112872838332418
1286114536257454080
1286114536970305536
1286114539532980227
1286116745888051201
1286117329525448707
1286117329877774343
1286117883685339136
1286360569608433664
1286360570690756614
1286360570653024258
1286364491068956675
1286366269802008577
1286366864579289089
1286366864713670658
1286367989265301512
1286369144233959425
1286369688826654720
1286369689480790016
1286370799029334016
1286371382134075392
1286371382692118531
1286371382872416263
1286373166030270465
1286374297368395777
1286374297607561216
1286374856091750401
1286164556658679808
1286165161896587265
1286165164602130434
1286165167231950850
1286165781294624768
1286165781797986310
1286165782452252673
1286166397643456513
1286167017104576513
1286167579094945792
1286167579321671681
1286169889179226112
1286169895953211394
1286170463132057605
1286171017581404160
1286171023507722247
1286171025215037440
1286171596281921537
1286172167374114816
1286172723681669120
1286172728551120897
1286172732212817921
1286173312025010176
1286174491404640256
1286175082209918976
1286175085167104000
1286176869172129793
1286177434514198529
1286178010039832576
1286178596772610049
1286178600794968064
1286178604016111618
1286179178920833025
1286179187888238593
1286179189389893632
1286195352362721280
1286195356926185474
1286198057441189888
1286198461327712257
1286199040728797184
1286200179218165760
1286200660032139265
1286200668613615618
1286201656539922437
1286202147399442432
1286202156559659009
1286202156563996673
1286202670605168640
1286203667457007618
1286203675959013382
1286204177484591104
1286204186716041217
1286205695872970752
1286206198321156096
1286206696998789121
1286207196921905153
1286207207562870786
1286207694873845762
1286208202552598529
1286208202955259906
1286208705738846208
1286209211446071296
1286149063952543747
1286150192400437248
1286151346408681472
1286151948899688453
1286152560085053440
1286153123749343236
1286153127780143105
1286153674943860736
1286153675820408833
1286153677967851520
1286153685869838337
1286154258589421568
1286154822970875905
1286154827597135873
1286154825403572224
1286155367211134977
1286155919030652928
1286156484628353025
1286157062930563072
1286157069918273538
1286158769110552576
1286159346179612672
1286162160037457920
1286162767876100096
1286284926250360833
1286285508138729472
1286285512303611904
1286286066320908289
1286286075321880578
1286287719493062657
1286287720072065025
1286288267311296512
1286288842987900928
1286289387643375616
1286289961910771712
1286290520621199363
1286291091730436097
1286291095857573888
1286291099380678657
1286292805774643206
1286293368222494720
1286293910634070017
1286293911993036800
1286294475237720069
1286294476051406849
1286295613554847744
1286296758801166337
1286297911870009344
1286298451760893953
1286298452322709506
1286225622700888064
1286225630397423618
1286226847521374209
1286227454835724288
1286227460716199936
1286228065094434816
1286228697205354497
1286229325436424194
1286229952401231874
1286230560348798977
1286230568095477760
1286232324733100032
1286234012210679808
1286234015024865281
1286234016509640706
1286234599383633920
1286235178218790919
1286235780923392001
1286236987838599168
1286237585233371137
1286238204358795271
1286179756766040064
1286180358921359360
1286180957494550529
1286181541601828864
1286182139478908928
1286182144159539201
1286185577583226880
1286186747471200260
1286186748020764672
1286186755209613312
1286187324309676033
1286187325270130688
1286187920341131264
1286188494210072576
1286189084201885701
1286190265867350016
1286192835109289987
1286192835981541376
1286193468646346753
1286194120982241280
1286194123016302595
1286345348034723840
1286346573753077767
1286347168874471429
1286352496814956545
1286353669231869955
1286355331740831751
1286355890258542594
1286357032996605953
1286358224719900672
1286358841018535939
1286358841496567808
1286358841303719936
1286358842738016256
1286358843031605249
1286359433774354438
1286089514335649792
1286089518299279361
1286090083607740416
1286090667387691011
1286091782074191872
1286091786616700928
1286094579201003521
1286094582703443968
1286095707523358721
1286097900917805056
1286097901949681664
1286101784394522624
1286102322427441153
1286103414259105792
1286103416931004417
1286209717119975424
1286210209380106240
1286210215092740097
1286210217399791617
1286210747928924162
1286211273101893632
1286211776497950721
1286211787663142912
1286211789219397632
1286213380529967105
1286213387320532999
1286213391644798976
1286214644919463938
1286215279769538561
1286215923821674497
1286216451452477441
1286217643393839104
1286218896303890433
1286219522714636289
1286219522836295680
1286220109921411073
1286221958879862786
1286222561110642689
1286222563203588098
1286222568127639553
1286223178231095300
1286223187810955265
1286223782621872130
1286223785121787904
1286223788808560644
1286224427831656456
1286391649170591757
1286392777434116097
1286394431059513346
1286394431168544768
1286396140632412160
1286399057863282690
1286400596954816519
1286405620141350913
1286450563715080193
1286412155416387584
1286412716501020673
1286413886955159554
1286414463009042432
1286416772363624453
1286417376829939713
1286425759138144257
1286428101321166848
1286429278041595909
1286429868167761920
1286433261716111363
1286433802550743041
