1286861765473599488
1286861765582696449
1286864642283732993
1286867096991748099
1286870720597774336
1286844875279745024
1286848486210711558
1286850875374415872
1286851427919368192
1286856450761994240
1286857038547619840
1286889527831863296
1286891964869345281
1286892554076602369
1286893141036077061
1286893143141560320
1286894412841312256
1286895029341036544
1286895030490165248
1286896247710920704
1286898672173817856
1286899881257312256
1286899881215315969
1286899885405433861
1286900463074308098
1286901687232339968
1286902303744823296
1286935290926465024
1286935928246693890
1286937213649944576
1286937216162439169
1286937836365574146
1286937840798953474
1286937841768030208
1286938444539846657
1286939080576700416
1286940319267688453
1286941516011900929
1286941516481605632
1286941519526625280
1286942135770636288
1286942136399589376
1286942137561624576
1286942747258228738
1286942748344553473
1286942748558462976
1286944030237036545
1286944031914762240
1286944032300470275
1286944658094870529
1286831505952645120
1286837493233377281
1286842926828417025
1286905957180743682
1286906551119171584
1286906551895314433
1286907131514572801
1286907724387635201
1286907725822095361
1286908315545374721
1286910205414928384
1286910207084437505
1286911498858582021
1286911498925875201
1286915117213417473
1286915712079060997
1286915713676873729
1286915714587062272
1286916952846409728
1286878873653784578
1286881794256601089
1286881794911014913
1286884738964295681
1286885324585668608
1286885892813094912
1286885893979213824
1286885895094718466
1286887715447820289
1286825575110369280
1286951672963530752
1286960471015215105
1286961069655818240
1286920050700455937
1286920053443588097
1286921269930266625
1286922473175494656
1286923642425679872
1286924238860017664
1286924827664830464
1286927829662408707
1286929106840350720
1286980437886337026
1286988219419156480
1286966998602092545
1286971923285540866
1286974412651200512
1286975600972967936
1286976818332000256
