1286605128687071232
1286610438394871809
1286611631557017602
1286613425792196610
1286615214952259585
1286467131761098752
1286472475166101510
1286473623167881216
1286474763251064833
1286477041232207874
1286478254732464128
1286722806676217857
1286724009997066240
1286724009799880714
1286725201489788928
1286725204715155457
1286725204794847233
1286725800742367232
1286725800943931392
1286725801631596545
1286725802705510402
1286730021370048512
1286733610444361729
1286734755564670976
1286735346902892544
1286737070531260419
1286712237483274243
1286712807296294917
1286713977188343808
1286713977314058245
1286715119678832643
1286716875158589440
1286716876886667265
1286717459412553730
1286717460456935424
1286718020786819076
1286718587319848963
1286718587663552512
1286719171498254337
1286720391126417409
1286720394007703552
1286720394548969472
1286720395501023234
1286720986918731776
1286739954278768643
1286742889402425347
1286744008153272321
1286752968465723392
1286498073544253440
1286505502151553024
1286506118366167040
1286506744735178752
1286511090327642112
1286801112360779779
1286802301848555521
1286803489746649088
1286810053228531717
1286810055510196224
1286813109458542593
1286785937746407427
1286787121659904002
1286793221650231297
1286794406972989440
1286663716860301312
1286664895245713409
1286673359879774208
1286674563657535500
1286676385243824131
1286650697233117185
1286515289383813121
1286523413440454656
1286524637304590337
1286525244002332674
1286544265720606720
1286544267519950848
1286544904685060097
1286546826796118017
1286548104737480704
1286548104775254018
1286549428921401344
1286551815283044358
1286551816445071360
1286553053605195778
1286553680523665408
1286484729039069184
1286484729517219842
1286485317671772161
1286487048594116608
1286487049176928258
1286487049382526980
1286488753452863490
1286489913207078912
1286491773423038464
1286494113928482816
1286618221496414210
1286619435751612416
1286620641035264003
1286623062511689731
1286623685944594433
1286627889757257728
1286627889820110848
1286629111272738817
1286630335460106241
1286769506094845954
1286770106316423168
1286773640848191489
1286774201203007490
1286774789303148554
1286776578266075141
1286781546859503617
1286692737341960195
1286693953430065160
1286696348302159874
1286696349816111105
1286697543573934080
1286698736211484672
1286698739072196609
1286698739667816451
1286699906271522819
1286700485089484801
1286701674917244929
1286702239143399429
1286702787083087881
1286702787888386054
1286703349971263488
1286705689352699904
1286705690233405440
1286706851846017026
1286707460468887552
1286590566168395776
1286591769543499776
1286599028965117957
1286753567878021120
1286754152018845696
1286760455864750081
1286765466426445825
1286767756763975687
1286451776665903106
1286459982091780096
1286578111749017600
1286582602086912002
1286527633086230529
1286535483078500353
1286536124890939393
1286538591481417729
1286538592500748288
1286540468763779072
1286642782996766720
1286644549872431106
1286678112470695936
1286678112722354178
1286678695365812224
1286679253908504579
1286680386265919494
1286680388677464064
1286680389206122496
1286680976802930690
1286682197160689664
1286682793662189569
1286683400917487616
1286685783081050112
1286685786696568832
1286686383520636930
1286687558173429760
1286687558517260289
1286687561281404931
1286689223203053569
1286689818634858497
1286557184357212160
1286562269258801153
1286562909557071872
1286568011399340032
1286568012443791360
1286569271355535361
1286570566292578304
