1220897926530002946
1220897892593995776
1220897863577686016
1220897799341953024
1220897794875101184
1220897763447042048
1220897731977281536
1220897708921126917
1220897691309432832
1220897669968584704
1220897652109234182
1220897632886960128
1220897611118411776
1220897544600981504
1220897536602517505
1220890152328822784
1220890145097838594
1220890122054320133
1220890084720820224
1220890076659384325
1220890055964708869
1220890026289942529
1220890021151928321
1220890017582600192
1220889998758576129
1220889952096940033
1220889943519694849
1220889932404809728
1220889846618652674
1220889748748681217
1220900813696126982
1220900813037547521
1220900776236568577
1220895829713735680
1220895776026398720
1220895623014240256
1220895616693305346
1220890142740627456
1220918897676820480
1220918893453012992
1220918864751415296
1220918840600612864
1220918775819595777
1220918754948845573
1220918691769880582
1220918679119912962
1220918626095489024
1220918614678593536
1220918599486885889
1220918560857280512
1220918542779858945
1220918529664462850
1220918519937654784
1220912303840821248
1220912297821892608
1220912233489653763
1220912222207000576
1220912218524356609
1220912152283770880
1220912142968184832
1220912105643216896
1220912102002417667
1220912086542245889
1220912049984876546
1220912006888214534
1220911956275556353
1220911951397576705
1220911949606600705
1220911947299901440
1220911941033455616
1220911910440329221
1220911906451419140
1220911902487928832
1220911893545541632
1220911891809062912
1220911883810562048
1220911861463429120
1220905599916896256
1220905598146924544
1220905597173788672
1220905597043986432
1220905579763261442
1220905578454667265
1220905564584103936
1220905534683074562
1220905527359635456
1220905505888989184
1220905457746726912
1220905451723689986
1220905450046025729
1220905437014429697
1220905431985545216
1220905428164333569
1220905334564409344
1220905323831054336
1220905320211304448
1220905319771099136
1220905310807830528
1220905310178529280
1220905245552861189
1220905228817403905
1220905205107064832
1220916321136758784
1220911493417332737
1220930171252797440
1220930151074205697
1220930110074679296
1220930103565156353
1220930092030808065
1220930051899703296
1220930014117429248
1220929981687025664
1220929958849081345
1220929891396476928
1220929885989789697
1220925130223865856
1220925014972583937
1220925013915684864
1220924998484987904
1220924972962545664
1220924857409396737
1220924798500581376
1220931646154735616
1220929520389087232
1220929519286194176
1220930270158868480
1220926471365124105
1220926409226387461
1220922527108628480
1220922392035201024
1220928803502989317
1220865533979119617
1220865501745893377
1220865407986360321
1220865296367439873
1220865215446814720
1220865197184823297
1220865163613614080
1220865124417916928
1220865123780382720
1220865123662716928
1220865063617277958
1220864939356753921
1220864924999671809
1220872776652746752
1220872648596451329
1220872471085109248
1220867048995053569
1220866987552837632
1220915726443327488
1220915724828282880
1220915687431950336
1220915652094873601
1220915533207523328
1220915493864755205
1220915472981323776
1220915459584692224
1220915443809972224
1220915441805119490
1220915433986936833
1220915406149423104
1220915383588327424
1220909254632067073
1220909176852869121
1220909166853648385
1220909159412928512
1220909120011694081
1220909105667330048
1220909035869831168
1220909031465857031
1220909016462684161
1220908947604832256
1220908928713707520
1220908903963090944
1220908902667022336
1220908879258603520
1220908874418417665
1220908854508183552
1220908848094924801
1220918491340914690
1220913929469059073
1220909152014200832
1220908891313041409
1220904130736091136
1220918200189087745
1220933107861401600
1220933092388401152
1220933082280161280
1220933077154709505
1220933070892695552
1220933040316153857
1220933040051904513
1220933022049955840
1220933011845177344
1220932994828947456
1220932976797614080
1220932972183875584
1220932971122675713
1220932951791169539
1220932943645945856
1220932942983258113
1220932886712291328
1220932876616663042
1220932786279927809
1220932783067074560
1220932778822266880
1220927700887457793
1220927668872458241
1220927657296027649
1220927617433399297
1220927571518464000
1220927534549716992
1220927512210898945
1220927470272237568
1220927423182565378
1220922209297821696
1220922203836780544
1220922178830401536
1220922063742881792
1220922044369395712
1220921966653083654
1220921963515928576
1220921927750930432
1220921828656287744
1220932714804592640
1220932680704917504
1220884374150737920
1220884322997002241
1220884319868203009
1220884175286222848
1220884088560803841
1220875681367760896
1220875673004314624
1220875561435709440
1220875534885736448
1220875381063897088
1220885936390778881
1220880607921594369
1220875902495510528
1220875803778539521
1220875683678838785
1220870612605779970
1220870425615458306
1220870400437039104
1220870370791571456
1220870215375810560
1220870200742096897
1220870110564495360
1220870065907625984
1220870051768696833
1220859553975160832
1220859364329828354
1220859272516358144
1220859108372307969
1220859037803302912
1220858953346797568
1220858900016173056
1220869730686455808
1220869655314739203
1220869546371899393
1220869521071755266
1220869454424350721
1220864582249598977
1220864573626114049
1220859983295852545
1220859762209886212
1220859727716012034
1220859706748567552
1220901331109646337
1220901275602182144
1220901259588190210
1220901250230734848
1220901247030611968
1220901229976588288
1220901216391258112
1220901214419730432
1220901214201626625
1220901169192673281
1220901081561038848
1220901073713606661
1220901054407036928
1220901036304396289
1220901014880030721
1220901002846638080
1220894078012919808
1220894038880149504
1220894002490302466
1220893930348134400
1220893923276730369
1220893869648138240
1220893859204476928
1220893718011613185
1220893673933524993
1220893672901734400
1220893602668318723
1220893601661538305
1220893572733509633
1220893564936179712
1220903120877891591
1220898573488812032
1220898402168381441
1220892832308908034
1220888529594671104
1220888457083383809
1220888266192257024
1220888237423525888
1220888210076766209
1220888170964766720
1220888116938133505
1220888078388166656
1220888034800885760
1220888006434967552
1220879982106423303
1220879978641780741
1220879916301877248
1220879769492832256
1220879712538357760
1220879665780232193
1220888340473376768
1220888299289612291
1220888097682001922
1220883150823481345
1220878545964003329
1220878525089054720
1220878450883547136
1220878444730257408
1220880469752827905
1220888277768646658
1220887051828002817
