1220793527010914304
1220793511546511360
1220793424527470594
1220793421339774979
1220793204766887938
1220793175159328772
1220793114748649475
1220792958133395456
1220792888591704065
1220792863572865025
1220784176879636481
1220784066691100673
1220783766458683392
1220783644798746624
1220783595947622400
1220794625587204096
1220789554942304261
1220789504157474816
1220796463476699136
1220792030617571329
1220791011602862080
1220571875249512451
1220562874201804800
1220562722212995072
1220562645457068032
1220562513135161344
1220562502011850753
1220569153871872000
1220567778609942529
1220625307050348544
1220625275018498048
1220625229250211841
1220625194454257664
1220625118294151168
1220625087025557504
1220625086098628608
1220625085825814528
1220625085020721152
1220625084630622210
1220624879604494336
1220624859731984384
1220624764651237377
1220624717469622273
1220624676432445440
1220625383155851265
1220579051972198406
1220579015938822144
1220578993562275842
1220578890634035200
1220578717937913856
1220578682319908865
1220578664338735105
1220578601470517248
1220583267323133953
1220583188462022657
1220805196751597568
1220805173427068933
1220804918765871104
1220804605174480896
1220804531052662785
1220812869270261760
1220812753650229250
1220812563870638082
1220812526256033792
1220812509529169923
1220812473147805700
1220812452033712129
1220812445863809031
1220805376909594624
1220805347356573699
1220805346656235520
1220798616299683841
1220798523437961218
1220811736502063109
1220761998641836032
1220761947966267395
1220761899026894848
1220761820371308545
1220761617001893888
1220761545816363008
1220761525524279298
1220755463081324544
1220755422316908545
1220755369586241537
1220755290552844288
1220755268079767552
1220755235548745729
1220755185212907520
1220755075683012608
1220766703006732289
1220766587990364160
1220766561616744448
1220766472739459073
1220760942557962240
1220760774324510721
1220755116040605697
1220653708112998400
1220653488826245120
1220653377199063045
1220653350280032256
1220653226489348097
1220654449422630913
1220654406556798977
1220654312919109634
1220654128352747520
1220654104252502016
1220648070960099328
1220647684106645504
1220647657561042950
1220646668313325568
1220646399714328577
1220646220479094785
1220646193232924673
1220646128544169984
1220646060265070593
1220646034461753344
1220636433083293696
1220636110096752640
1220636082263527424
1220635945235447808
1220635896325664768
1220635792562765829
1220637800091070464
1220637717345685504
1220819240749617155
1220818987698851841
1220818949144829959
1220818832383590400
1220818807792357376
1220818759822258176
1220818738326528000
1220826932952150016
1220826876341415936
1220826863477628936
1220826779709059074
1220826694581465091
1220818297001824259
1220817928108544000
1220817926099472385
1220817893220397059
1220837084782452736
1220836797187547137
1220836781819596802
1220836713699823616
1220836710545678336
1220836642514243584
1220843080569491456
1220832768550150145
1220832608059363329
1220671403508355076
1220671380816986114
1220671378761797632
1220671376920629248
1220671220984750080
1220671175396921346
1220671051597742081
1220671031800729600
1220671013261803521
1220671008308224001
1220670944756162562
1220670901638836224
1220662556123127810
1220662857005588480
1220672574100623360
1220672507532935168
1220667168909602817
1220597328823885825
1220597302512902144
1220597276373946369
1220597227023826944
1220597058127716353
1220597040138186753
1220596923104514050
1220596830989238272
1220596799217401856
1220587266747326464
1220587249370202113
1220587187487592448
1220587157493960705
1220587128079421440
1220587105614610433
1220587047162769410
1220601464155820033
1220600015233658880
1220599247390814208
1220596761644781568
1220595960931180545
1220595790135136256
1220595204593418240
1220594293791842304
1220593875279962113
1220593299439919104
1220593076155977729
1220592975312490496
1220592762648698880
1220592669488906240
1220592255867805701
1220592185415999493
1220591278234030081
1220590896397332480
1220597260670644225
1220536244536397824
1220536137883611136
1220536134138122240
1220536074407051265
1220536015267430400
1220535616452091904
1220535585800118278
1220528217204953088
1220528176167780358
1220528035809509377
1220643613585170432
1220643473428303872
1220643165788655616
1220643158213697536
1220643125007278080
1220643059916070912
1220633505656266753
1220633115434962944
1220632954902368256
1220632766615904257
1220642468145827842
1220635634710302721
1220635601143156736
1220635381302951936
1220635156836315136
1220654835747287041
1220654725181231105
1220660840803729414
1220654449422630913
1220654406556798977
1220654312919109634
1220675194668216320
1220675134526238720
1220666292304138241
1220666274830856193
1220668715039105024
1220704729082273792
1220704654960386049
1220704490065711104
1220704428312817667
1220704280522346496
1220704183852113920
1220704141988651014
1220704091967574016
1220703887281156097
1220703753864527874
1220697650447646720
1220697624753233920
1220697387724890113
1220697378191220742
1220697318929747968
1220697265234497543
1220697227242409992
1220697216215478272
1220697179951595520
1220697149001756672
1220697083814055936
1220697023621423104
1220696940347822082
1220696929585324032
1220696920307290112
1220696885389938688
1220696876355178496
1220696836228419586
1220696833497812992
1220696792129572865
1220696770218315776
1220696736785551360
1220696712379015168
1220696647056809986
1220696618737045512
1220706341234212872
1220706321382572040
1220706200939089920
1220706065404366848
1220705868351668224
1220705857996017665
1220705841000734722
1220701134043484162
1220701012794593280
1220701007002460160
1220700951818002433
1220700845907611650
1220700829776261120
1220700732707368960
1220700668333297664
1220700656761221120
1220700615438950401
1220700606295228416
1220700588343808002
1220700478385745921
1220700428360396805
1220695258813517834
1220695252639502336
1220695220603555842
1220695116609810432
1220694997701406722
1220747456532619264
1220747445333659649
1220742012724547586
1220741957565272065
1220741933263310848
1220741915148201984
1220743503275270145
1220749675411705857
1220740295928832001
1220853483903094784
1220853434108256259
1220853407419813889
1220853281657933825
1220853244471185409
1220853149931454466
1220781254351523840
1220781084213776385
1220780964801957888
1220780928940806144
1220780784400814080
1220780693715869696
1220772405615808513
1220772356886388737
1220772127042760704
1220781909552304130
1220775151371014145
1220769253021900804
1220769052693495808
1220768862175748098
1220826198462189568
1220825718914985984
1220825519739949056
1220814282398498819
1220814275498971136
1220814246939852800
1220814184729993218
1220814077280358402
1220814054026952704
1220813931599618048
1220813811231404032
1220813747704553474
1220813709737480192
1220824255614668806
1220819849154387970
1220819820599488519
1220814949406003202
1220814714013392898
1220814562192248832
1220507732236591104
1220507684283109377
1220507603072978944
1220507577932533760
1220507516515151872
1220507310306426885
1220507287380324352
1220507277741809665
1220507108656975872
1220507106190725121
1220502460424425472
1220511246690258946
1220509870400724992
1220509669548052485
1220748101599645696
1220747979470049281
1220747934372753409
1220747896586457088
1220747844497412098
1220742626942574592
1220742623465365504
1220742571766505473
1220742516779245568
1220742351930327040
1220748572427259904
1220747779217264640
1220746962854608896
1220750454222663680
1220750299435945985
1220746200363819009
1220746033921216513
1220741528160743426
1220741482530795521
1220747659339681794
1220747109160439818
1220539659840716800
1220539420945928193
1220539351756505088
1220539331674136576
1220539212178419712
1220539177462386690
1220531955340476416
1220531868421914624
1220531838780788736
1220531745805631489
1220531741946871808
1220531693511008256
1220531675915939840
1220531675035103232
1220531627735965697
1220531624107896832
1220531620374929408
1220531616272896000
1220531557250682880
1220531514317754368
1220531484550762496
1220531459972198400
1220528825647468544
1220717682565296135
1220717672268292096
1220717320030576640
1220717254855315456
1220717230025052160
1220710559257067521
1220710540164698112
1220710515837562881
1220710495356743681
1220710448523333632
1220710389832269824
1220710388565606400
1220710332240400385
1220710332114653190
1220710139294093315
1220710132281044992
1220720094558523393
1220720077118590976
1220719986890760203
1220719883018784774
1220714666227326976
1220714582576193537
1220714453987201025
1220714325599510529
1220709109160386560
1220709092383027203
1220708965400616962
1220708916113203201
1220627242616647680
1220627239030657024
1220627221963923456
1220627136211574784
1220627126468194304
1220626936738668544
1220626906564812803
1220626833214885890
1220626788830924801
1220617321556766721
1220617272454078465
1220628797092921344
1220627521286365184
1220623974897307648
1220623485837307905
1220622093525639168
1220626392221671424
1220615595277930496
1220615513123913728
1220615192158949377
1220606249668005888
1220606228717457410
1220606204394655744
1220606137164132353
1220606075310723074
1220605906213171200
1220614873979084801
1220608978465386497
1220608726110859266
1220608725129383936
1220608681424740352
1220608557256564737
1220602917054558208
1220673161898815489
1220673157532725257
1220673153149485056
1220673146799501316
1220673091476393985
1220673021599309829
1220672908571246592
1220672908042747909
1220672903517048832
1220672858524803073
1220672762550931456
1220672747732377602
1220665283083304960
1220665274220724224
1220665246790176768
1220664955034226688
1220664834569592833
1220668715039105024
1220668554430705664
1220662662431944704
1220662538171371520
1220662530529349633
1220842581371736065
1220842462031294465
1220842272335503360
1220842265435873280
1220842247534628864
1220842232426614784
1220830156190814209
1220829966167875585
1220829781001981957
1220835150491201536
1220829898819997696
1220829848915984384
1220751524940275712
1220751341762510854
1220745900651438082
1220745809882312705
1220745761094295554
1220745759663910912
1220745748574134274
1220745575878008833
1220740704575475713
1220740506000351232
1220740499767586816
1220740466133651456
1220740425784479744
1220738696607150080
1220753069023137799
1220752888118628353
1220748738349731840
1220748660612325376
1220748592752857090
1220748591339311105
1220748485080887297
1220748480903352320
1220744389217132544
1220744269922697216
1220744233306312704
1220744176737964033
1220739234341933056
1220739215735967744
1220582040912850945
1220581646472118272
1220581466347753482
1220581464980492288
1220585995264872448
1220585735780106240
1220688085605744640
1220688077359927298
1220687730146869248
1220680010908033024
1220679864384016384
1220679836194295808
1220679716312682499
1220679663611187205
1220679634846568449
1220689544967794691
1220689333197275137
1220684062152478720
1220678164625620992
1220737757087010816
1220737706180792321
1220733397741592576
1220733393396101120
1220733332415082497
1220733274676436995
1220733273996791808
1220733210688196608
1220733186549772288
1220728343567486984
1220728295441956865
1220728287279898626
1220728254455328770
1220728241675100160
1220728219961307136
1220728106329280512
1220727964129615872
1220733083449610240
1220732845095821313
1220726410475601922
1220726391949447174
1220731843714211842
1220727231921696768
1220600079146475520
1220600043968901121
1220600043868053504
1220600039640379392
1220599978403328000
1220599924322115584
1220599810291425286
1220599778788151296
1220599633405259777
1220589561253781506
1220589538214436864
1220589474591035392
1220589405989040129
1220589387404079104
1220589209439764480
1220589178733387782
1220589021971140608
1220592974247219200
1220701546637217797
1220701535421767680
1220701531336364033
1220701526911414275
1220701515616280576
1220701390701383681
1220701364948434945
1220693686842871810
1220693634749796353
1220704011705143296
1220703987415928832
1220703959779880960
1220703674323865601
1220703661439037441
1220698354595790850
1220698328897347584
1220698308143992832
1220698275151523840
1220698266855182337
1220698265596964864
1220698247653662722
1220698179370409987
1220698166451982338
1220698161968222209
1220698109556084737
1220698094976655360
1220698092300853250
1220698041964990466
1220698041545449472
1220701721074126849
1220700632790618112
1220853244471185409
1220853191736201217
1220853140011905024
1220853130868461571
1220853111025217537
1220853052716015616
1220853035418583040
1220852982532587520
1220852954992971776
1220852909119639552
1220852877603807232
1220852822369079297
1220852779259957248
1220852774688002049
1220852701354917888
1220852636213112832
1220858249827647488
1220852596119703552
1220848381490319361
1220844359936925697
1220857244755079173
1220856473196081152
1220855358954131456
1220524454524203009
1220524431325351937
1220524426548125707
1220524408227258374
1220524391361957888
1220524256401870850
1220524132757958656
1220524106044493826
1220524012947685376
1220523888767049729
1220523847004278784
1220523805396946945
1220514911383515136
1220514776716939264
1220514731800158208
1220514664670347264
1220514407521734656
1220514386495717378
1220512657666560000
1220518232257454082
1220518081719439361
1220517977122136066
1220517908218109952
1220517894586392576
1220517859903754240
1220517853641805824
1220517838508552192
1220517704244682752
1220517673584427009
1220519091611623424
1220518953161842689
1220518030167478278
1220511508586778627
1220511279762345984
1220511163093405696
1220511035507068929
1220510993983381505
1220510971589849088
1220510914245468160
1220510868942794762
1220510852496818178
1220510835073830912
1220500546353688577
1220500527995392000
1220500436479660032
1220500318842044416
1220500183844192256
1220500127464464384
1220500043733454848
1220500024242536449
1220499934052417536
1220499930613211136
1220506373923966978
1220703887281156097
1220703753864527874
1220703720582844418
1220703628475977729
1220703626869510144
1220703576621797376
1220696736785551360
1220696712379015168
1220696647056809986
1220696618737045512
1220696502160347142
1220696440181145605
1220696379712069633
1220696310317309953
1220696277115011072
1220705868351668224
1220705857996017665
1220705841000734722
1220705741520232449
1220705732485689344
1220700478385745921
1220700428360396805
1220700247132987399
1220700188513394688
1220700101993041922
1220694997701406722
1220694862107791361
1220765855480500229
1220765744436260864
1220765741529563136
1220765655730999302
1220765507881586689
1220758913382936576
1220758801374052353
1220758781031800833
1220758624886239234
1220763475556753408
1220762517322063872
1220760996324806657
1220760518849388544
1220760398238048261
1220660390310211585
1220660296194199552
1220660104636157953
1220659961375555587
1220659850696327170
1220650308910477312
1220650263465226242
1220650022519394304
1220650014034288640
1220649933935648769
1220649775692943361
1220649669610614784
1220658543487062017
1220658464407449600
1220658375467290624
1220652764696477696
1220652564699463680
1220652452447281153
1220651348904931329
1220651003600678912
1220649623204712448
1220648440235003905
1220648433813311489
1220658621132034048
1220614128366059520
1220614118400393216
1220613911524802560
1220613873109295104
1220605212949221376
1220604975727833088
1220604940873109504
1220604721418784768
1220604611826016256
1220604588316864512
1220613851705638917
1220608059128647681
1220610821128179712
1220569052977991681
1220569013480148992
1220568987592986625
1220568980596973568
1220568947163983872
1220568751600472064
1220560095903453184
1220560014328442881
1220559988067713024
1220559918450610176
1220559895218409472
1220559761781010432
1220559749671862273
1220559748254203904
1220559725370044421
1220559703681331200
1220569296985681920
1220567648846712832
1220565112685121537
1220736094292987904
1220736049992863744
1220736044749873152
1220736041000280064
1220735875417591808
1220735857998684160
1220735850406973441
1220731650801160193
1220731647991123968
1220731496648134662
1220731391597518850
1220725748669001731
1220725508759085057
1220725465834565633
1220725456686678017
1220728003249963009
1220727258522030081
1220727092326928384
1220733850541686785
1220733797601292289
1220733773102358528
1220733728202293249
1220729582950719490
1220729470061023233
1220724657638248450
1220724512490164224
1220724476188483584
1220811224755011584
1220811172980711425
1220811102856130561
1220811024552681473
1220810945477431296
1220810886346084353
1220810869925302272
1220810681949343749
1220810670347890688
1220810649095364608
1220810627985182720
1220810606409920517
1220810557235892225
1220800012160053258
1220800002441863169
1220799736262774784
1220799688707919872
1220799599172096001
1220799575591739392
1220799431412535303
1220799397300039680
1220808817799241736
1220808780285403136
1220808710957649926
1220808700543172608
1220808490752598016
1220801608566693894
1220801576484261888
1220858591978098697
1220858557974884352
1220858539993755648
1220858515612295169
1220858197264805894
1220858142642196480
1220858103668727809
1220858100195917824
1220858039034503168
1220858012828667904
1220847326991933440
1220847278430261250
1220847050385846272
1220846677478821888
1220846542396907520
1220856830479552512
1220856754436788224
1220851374574800896
1220851289661288448
1220851166671593472
1220851098564489216
1220845941822980096
1220845591061770241
1220685750309572611
1220685652913741826
1220685439159455745
1220685409010610176
1220685402949840902
1220677951655677953
1220677909536563202
1220677769207529473
1220677707316355073
1220677693483536384
1220677869891981312
1220687431177064449
1220686423415754752
1220685762917814277
1220684560943415296
1220789602316963841
1220789583383654401
1220789553750921222
1220789535619108864
1220789494032621569
1220789491348062208
1220789489917997057
1220789472339599361
1220789462919196674
1220789453544804357
1220789431931719682
1220789143497854978
1220789142952595457
1220789110794792968
1220789069455560704
1220798066271195136
1220797727912710144
1220792399900758016
1220792207235567617
1220786699824812033
1220786667692285952
1220786521881694208
1220786483168186370
1220786411143598080
1220720642556821505
1220720386339495936
1220720320140795907
1220720157766701057
1220720110886883330
1220713180701192192
1220713162233843712
1220713009623920642
1220712955655753732
1220722263495991296
1220721893143130120
1220716598438350852
1220716336000765954
1220716317323513856
1220776686683410435
1220776664357011458
1220776414565347329
1220776365672280070
1220776365630185472
1220776339357093888
1220776288534708227
1220776226178007040
1220768432217624578
1220768372968902656
1220768245667397638
1220779069781893120
1220778810628423680
1220772908315893763
1220772876426665984
1220772835267883013
1220773246741573632
1220770513934405634
1220550337435586560
1220550263330635777
1220550116098158592
1220550110225911808
1220549952490725376
1220555514523811840
1220553759673044992
1220553193915990016
1220554102536466432
1220553836219101185
1220553754430197763
1220553641993457669
1220553585177448448
1220553568391815169
1220544831694372864
1220544632096002049
1220544307225976833
1220544212090769408
