1220481180006539266
1220481138902257664
1220481051165773824
1220480885834899457
1220480731207483392
1220480730041659393
1220480704158453760
1220480683065266176
1220480284174368769
1220480250309681157
1220480238657781760
1220480219246514178
1220480210778382338
1220480162262683648
1220480093526429696
1220479987813208064
1220479968737624064
1220479937062350848
1220479901142220801
1220479747198574592
1220479679959916545
1220479652059172865
1220479645210087424
1220479597369876480
1220479594655911937
1220479572933660672
1220479548703137792
1220468641965264897
1220468402042613768
1220468332203331585
1220468279057080320
1220468268437098496
1220467958863953920
1220467901829931010
1220467680609734656
1220467619129487362
1220467499835125760
1220467415047258112
1220467358164086784
1220467349343670274
1220467182582272000
1220467181076598784
1220467135278911488
