1220133174283403265
1220133065608986624
1220132963293089793
1220132928602152965
1220132424526356482
1220132292628103168
1220132217810120704
1220130352443748353
1220130203529183232
1220126055081684992
1220124835193544706
1220123725091262471
1220123144842706945
1220121912602451968
1220121565594996737
1220133706280529920
1220133336242216960
1220133257343311872
1220133170663886849
1220131661423079427
1220129456850788352
1220129234057863169
1220129231507804160
1220128026823802881
1220127067469119488
1220126759867183104
1220126556258893824
1220126310648836096
1220126031316758528
1220124148204277768
1220123717801512960
