1324503223382630401
1324504224156262402
1324505653247954944
1324506602146131968
1324515927149453313
1324638271759024129
1324642427529953280
1324649595364933632
1324652313449955329
1324624155443154944
1324635272886259713
1324564059795181568
1324565393558654976
1324568699748061184
1324569390746988544
1324572236020281344
1324538655050997766
1324542629976166401
1324542630152359936
1324543921050034178
1324544576925786114
1324549090437464066
1324549648229502976
1324552582421905409
1324554869710049282
1324559893366386689
1324661509763534848
1324615427167821827
1324615428136603648
1324616751259115521
1324586598755835904
1324586599947112450
1324593602249576448
1324593602593320960
1324529713306603522
