1332036822734675969
1332043967983214602
1332043968167759872
1332049449846235139
1331630809938337792
1331634364908777473
1331191023905632256
1331191025390530565
1331191690762326016
1331192354599014400
1331193730817208320
1331194409594064896
1331195053042233344
1331195056171126790
1331195718397288449
1331197052362121219
1331197735488417793
1331197744007028738
1331197745105948683
1331198441356210178
1331199095122391040
1331199761890893825
1331199770505994241
1331200411429113859
1331201033985544192
1331201646983077894
1331201657913413632
1331202230641299457
1331202808029138944
1331202808939507713
1331204019788931074
1331204021043015681
1331204021525340160
1331204025593761792
1331204026675974144
1331204644882804743
1331204646225014785
1331205895271936000
1331675194809745408
1331678138124955648
1331678734114463750
1331678992626118656
1331679327545675777
1331682301533675523
1331686131470131200
1331687698030006273
1331687701255426049
1331055745207468032
1331056339636822025
1331056922410291203
1331056929498689540
1331057509876989952
1331057515988094977
1331058698240761856
1331059276777852928
1331059468398977025
1331059873325281281
1331061051794747392
1331061654621130752
1331061663278247938
1331062880138092549
1331062881438347270
1331063482729414659
1331063486231797760
1331063487015972864
1331063489213779969
1331065303955099648
1331065929279541250
1331065931867459585
1331065934480543744
1331066547163459590
1331066551303225345
1331067166729367555
1331067171003314178
1331068425003732992
1331068426094252038
1331069045433659395
1331069052324757505
1331069689720569856
1331069692534956032
1331889920110104579
1331889920303050754
1331899763499798528
1331513383754092544
1331513385452756993
1331515211413475329
1331517045784002560
1331519818260942850
1331520714583654402
1331554333389844480
1331555079212687360
1331564787193483264
1331720147640479754
1331721895306203143
1331721896212246533
1331723074614427651
1331723683828797441
1331723684646686723
1331723686999695363
1331724882820796416
1331725488407126016
1331725490990804993
1331726716583223303
1331727367253921792
1331727369774780419
1331729213213335552
1331729213553074178
1331729216920981504
1331731679086596103
1331732264980537348
1331732266003927045
1331732878925787136
1331733498479128577
1331451942858526721
1331452743395930112
1331456649484263426
1331457379947450368
1331961053052358659
1331962202321006593
1331962781667631104
1331962782917529601
1331963747116539905
1331964487453220864
1331964487667249153
1331964489105870848
1331965672948109313
1331965673082335238
1331966255578963978
1331967428289572866
1331968007170560001
1331969147912196096
1331969705347780608
1331970832260866048
1331971432444612609
1331972035858329600
1331972619546071046
1331973227480973312
1331973830663950336
1331915764702601218
1331916594033856513
1331918177001988097
1331614955163045890
1331614955137855489
1331620327105945600
1331626325719867396
1331480359528173568
1331489590427799552
1331490607064346629
1331070972984745985
1331071598569398272
1331071604919590918
1331072266357022721
1331072267715891200
1331072273760055296
1331073592252014596
1331073596555399168
1331074868402589697
1331074873389617152
1331074874677231616
1331074875222495233
1331074878238121987
1331075483480563712
1331075494293417984
1331076131102085121
1331076753058619393
1331076756011364352
1331076756988702720
1331077396968185863
1331077403142201344
1331078679020113926
1331078679162712067
1331079339312640003
1331080622324871168
1331080624296357888
1331080625277652992
1331080627064512515
1331081315328864256
1331081971280334848
1331082632323624965
1331083992238415873
1331083997800230914
1331084005719027712
1331084717572186114
1331810195853500416
1331814368359702534
1331572003527135240
1331572872171675649
1331574185626390533
1331580281099329544
1331580905446629376
1331582166329925632
1331131060424372225
1331131882453356545
1331132763680935937
1331133666983022594
1331133669289775104
1331133678781652993
1331138028253945856
1331138028954406914
1331140546102890496
1331141396745625600
1331141396900835329
1331141405733896192
1331142228480126979
1331142233559617538
1331143917413142528
1331281934056505346
1331282505459232770
1331283084571009024
1331285314711773185
1331285898638602243
1331287021852258312
1331287022695309314
1331287575001247744
1331288679491530756
1331291442820632581
1331292012734275584
1331292583763480576
1331292584795381761
1331293183049863168
1331293778502672387
1331294355093590019
1331294357685678083
1331295524679462912
1331526923495890944
1331991375911538690
1331992552048914433
1331996035204444161
1331996618242002944
1331996619898843137
1331997220640526338
1331997222892814338
1331999009536438274
1332000162064064513
1332000738906664960
1332001301312405504
1332001304894443524
1332001861642170370
1332002418662412288
1332002995609894915
1332004732831895554
1332004734677389314
1331539989512019974
1331539992548618240
1331540806986063872
1331540807439032325
1331543086179229699
1331544585693237250
1331546079003807744
1331546079901454336
1331546847622606849
1331548338102153217
1331552108726902785
1331468412200099842
1331735280324386816
1331735898812272641
1331735901278404611
1331737117291143170
1331737699951239173
1331737701779869696
1331738292996468738
1331738917620617217
1331740224897097729
1331740225186488320
1331740855116435459
1331740859201712128
1331742179908317189
1331742182588420098
1331743485246930946
1331744156365021185
1331744156847386626
1331744801427845120
1331745457668825094
1331746117197946881
1331746117227339780
1331748833173319687
1331946931237629952
1331946932604981248
1331946933422862338
1331946934123327488
1331948109174288384
1331948698721525760
1331949269218189312
1331952253335461888
1331952856224714757
1331954024875175936
1331954635469426690
1331955806879838209
1331956367096246273
1331956367696015362
1331956369184976898
1331957570181996544
1331958730800459784
1331958731328925697
1331958731970670592
1331959309895397378
1331959310138699776
1331959874826227722
1331959875333746694
1331960455288528896
1331960456274128896
1331160846689390593
1331160859301847040
1331161480922759168
1331162078590029830
1331162887403008000
1331162889294581762
1331162894520651776
1331165115954196481
1331165116994375686
1331165784328990721
1331166447234654208
1331167088824750080
1331167092134047744
1331167092717006848
1331167770491359233
1331168425234710528
1331169093576114178
1331169799414697984
1331171883899904000
1331172572847878145
1331172573179043841
1331173239532482560
1331173240170041344
1331173243449913346
1331173245601656832
1331173250609635329
1331173900223356928
1331173907471212545
1331173911590006792
1331174605495566336
1331175284645662720
1331040171463204866
1331041371151601666
1331042485536231424
1331042486928748545
1331043626672132096
1331044172636319745
1331044722660446210
1331045846910119936
1331045856418668544
1331045858910081026
1331046399018823683
1331046409068548102
1331048072227516418
1331048076157411331
1331048076589535236
1331048078858588160
1331048680498065408
1331049257261002752
1331049260515815424
1331049265154695171
1331049267176243200
1331049267469938690
1331050435327766529
1331051035864018945
1331052729947598851
1331054568747229186
1331100639309414400
1331101514442502145
1331101516263010304
1331101516254511105
1331102373243019264
1331102374304235521
1331103223415914497
1331104079544725506
1331104082254204929
1331104082782605313
1331104092249350147
1331104956816961536
1331104961242001408
1331105796822691847
1331105809820946433
1331106659050000387
1331106662917287936
1331107503703171072
1331107518140063745
1331108366551171072
1331108377741713413
1331109270948081664
1331110211705135105
1331110222396411907
1331110222623105024
1331111162705031168
1331112098433273856
1331112107564171264
1331113048807931905
1331403133516353536
1331406333954957314
1331408948990255106
1331411405166272514
1331411407682859012
1331413811765526534
1331976662922063872
1331976660716040192
1331977235318919168
1331977236489105408
1331977804452409344
1331983193252241409
1331984934924292097
1331986653229973504
1331986653942931456
1331987797545201664
1331988369304334337
1331989544388988931
1331989547224338433
1331990775891070983
1331313475327549444
1331313475319078912
1331315904957837314
1331315904865464320
1331319932018155527
1331320506205736960
1331324669467779073
1331324671069863937
1331325775258267653
1331325775279251469
1331342509084012544
1331342510157918210
1331345364117549056
1331345888682389506
1331346470440742919
1331347076299501575
1331352228221874176
1331352824454647808
1331353431823544320
1331356328594432016
1331356883635085312
1331588958728359936
1331593862477983746
1331594450573914113
1331597346807963651
1331797058425065472
1331798488733020161
1331800615878598660
1331801324338302977
1331805060997660672
1331805796745801730
1331606873724887043
1331611452294246403
1331693206615040000
1331696189121716231
1331697941212393474
1331698508370497536
1331700324843855879
1331700328048316417
1331700933760229376
1331702141447143424
1331702746987302914
1331703366137810944
1331703366339145728
1331703962307686400
1331703964396630016
1331931646610743298
1331943893424873478
1331843408143388672
1331661968013332480
1331667411876126730
1331668646230364160
1331671074879262721
1331672809446252546
1331175919353028608
1331175935530258433
1331176585563615234
1331177258447302659
1331177938587422726
1331179283687981056
1331179802217373697
1331179803983175685
1331179806218711043
1331180361049583616
1331181524947857408
1331182204970524673
1331182931683979266
1331183632468353024
1331183638067748864
1331184360213540869
1331185544546701313
1331186251563732992
1331186258786258944
1331186259373527041
1331188986929410049
1331750177388916737
1331753486770429952
1331754753756434435
1331758537740070912
1331761762274783232
1331764466212610059
1331643994472902656
1331645173886033920
1331649999470546948
1331657108178300934
1331765826106454017
1331771204747878406
1331771205377019906
1331772467220684801
1331773115253264390
1331778237047816192
1331025034534473728
1331025034782126080
1331025611662438404
1331026210550255616
1331026220532817921
1331027387132370947
1331028533230104576
1331029118784217088
1331030300176990210
1331030300227416064
1331030885144158209
1331031467632308224
1331033813493846016
1331034391276097542
1331034963194441734
1331034965056905217
1331034969125376007
1331035545116545029
1331036100471635969
1331036103558610945
1331036106322829312
1331036669349408771
1331037255587151874
1331037852973588484
1331037858841419778
1331038442638036992
1331039012824309766
1331039597975900161
1331297261037494274
1331299225313767425
1331299793147228161
1331300377279553537
1331302201587683329
1331302817571557376
1331303427205459968
1331304022851117060
1331304026063990787
1331304027234177025
1331304630601527302
1331306365898264576
1331307541222010884
1331307542287446018
1331311060805066753
1331357439413923846
1331357441158639616
1331358005498142725
1331358007393980418
1331358008178216961
1331361394013429760
1331361395053649920
1331361943043584000
1331361944473890818
1331362498482737155
1331362498897997827
1331362499736731648
1331364193493282823
1331364193900040193
1331365868714950656
1331366431838019584
1331366432223813634
1331368150575828993
1331368152718950401
1331368154912620545
1331369331704270848
1331369911361409028
1331371088677199874
1331371672734109697
1331116026117771265
1331116037614473216
1331117878939095040
1331118763681275904
1331118772170543105
1331118774209171456
1331119650726404097
1331119656061390848
1331120547548246019
1331122321764069376
1331123151208546304
1331125409484828672
1331125411502178312
1331126183979749378
1331126948777631746
1331127787843772417
1331127793523036160
1331128608262336515
1331129428793987076
1331129432539480065
1331130263393341443
1331900669813460993
1331901549635907585
1331903302078926849
1331906519512846336
1331911471899439106
1331145615087112193
1331146367880794113
1331146368434356229
1331146369881370624
1331147967277895680
1331147970239209474
1331148778259292160
1331149616205733888
1331149617912827907
1331150480983134208
1331150481675137025
1331151381214982144
1331151387602923520
1331152320265064448
1331152324614524928
1331154160302006272
1331154163774803968
1331154167230918656
1331154176894590976
1331155079936626688
1331155088891547655
1331156015652483075
1331157794561650689
1331157800089759751
1331158627680444418
1331857936755421186
1331863416844247040
1331864181176463368
1331869329072279552
1331085416032768001
1331085419946106881
1331086860156735490
1331086867270311937
1331086868667133952
1331087598153043970
1331089061478617089
1331089062086594562
1331089798207979521
1331089801416638465
1331089803937341441
1331089805074161664
1331089808114892801
1331091358828826627
1331091359982260225
1331091362163384321
1331092084917473280
1331092090122498051
1331092844124250112
1331093644061908992
1331093646024839169
1331093646863691782
1331094438681055233
1331095239088631810
1331095244482506753
1331097538783481860
1331097542164004864
1331098308882829312
1331098313370832897
1331099847353483264
1331099856933367808
1332021436433752071
1332023147269410820
1332024287184695299
1332024856775327745
1332025442786828297
1332026021613367297
1331419846723080193
1331421749758615554
1331422362726780933
1331422363368509448
1331422978211340295
1331424233822498818
1331429449917624321
1331432191654465536
1331791461600342016
1331872694414045185
1331874433724784641
1331705757214142465
1331706336686583808
1331706889692999688
1331708018661208065
1331708020699533312
1331709243372650497
1331709245163773952
1331711008033869825
1331711009019621377
1331711009661345793
1331711615432073220
1331711615905906689
1331711616107376642
1331713448305188867
1331715507758665729
1331717749521977345
1331717751841443842
1331717753418428416
1331718347935903745
1331718940741967872
1331221256335605761
1331221828866633728
1331221829038477318
1331222434721087489
1331223673114669056
1331224277627015168
1331226136991440896
1331227340953817090
1331227342367289344
1331228554529550336
1331229158056267777
1331229158068903939
1331229713478643712
1331229717291122688
1331229719119896576
1331230803964137480
1331231340998635520
1331231909335232512
1331232455987228673
1331233032527781889
1331234183528800259
1331234187928539136
1331234188209471490
1331234191611219973
1331234757334724610
1331235333120217090
1331235894335041537
1332007053565571075
1332008845057667074
1332010085879574532
1332014889989115905
1331251781410697217
1331251786703835141
1331252314934538240
1331252892456673280
1331252898492280833
1331253460558340103
1331253460529000448
1331254033147899922
1331254034624376832
1331255217854222353
1331255775432359938
1331256342309384194
1331257452273180674
1331257459294556160
1331258000149864459
1331258007020212224
1331258010623152129
1331258556293648384
1331259678727270416
1331260226092355586
1331260228227067904
1331260804004524034
1331261364493488135
1331261364640354306
1331263094903992321
1331264755026317314
1331264764140466179
1331265883554131968
1331493478614884352
1331495368215826434
1331496262919618560
1331501697097756674
1331372234753994753
1331372797994684418
1331373394688765953
1331373395074748417
1331375676994301953
1331377238873427971
1331377473192296450
1331379645430849536
1331381066385514496
1331381337517740032
1331381477569941506
1331382041053597697
1331382043310219267
1331383260320911361
1331437677342703616
1331438342219685888
1331441088339484672
1331443135990226944
1331445322589954051
1331445323340910592
1331446020207759361
1331447454915571713
1331826307131469829
1331827219287531524
1331836448396484608
1331206482210168832
1331206488493273088
1331207101746712576
1331207109728460801
1331209010918387715
1331210314835177472
1331210980404191233
1331210986150236162
1331212278432210945
1331212913974054917
1331213493035552770
1331214032158814213
1331214033505153025
1331214631826845700
1331214642300006402
1331215839312420864
1331215841367625734
1331217050056986624
1331217050770018306
1331217665084502016
1331217674517483521
1331218909819703302
1331218915914113024
1331220122288197632
1331236467792867329
1331236472934940675
1331236474822549504
1331237055008022532
1331237064445202441
1331237655787474944
1331237656714506245
1331238252209115136
1331238252951506944
1331238254448873475
1331238829362192388
1331239421228830722
1331240008938901510
1331241116059004938
1331241664992645120
1331242785039585283
1331242785383526401
1331243326398492673
1331243327107330048
1331243330261409799
1331243875856510980
1331243876468858880
1331244420566380545
1331246650266890243
1331246654129926145
1331248375786770433
1331248942319808512
1331248947206246400
1331249510278975488
1331249512078340099
1331250074857443335
1331250079978692608
1331250080570109954
1331250080808984577
1331250644393619456
1331250651129552896
1331251192295514122
1331251197563559938
1331390295469125632
1331392118703665154
1331396900227047424
1331397508019482624
1331398698958430208
1331400596767842312
1331401224910819329
1331401886545702913
1331401887548125187
1331327362722648065
1331328555955998723
1331329742524489731
1331332736473321474
1331335056699297795
1331335058821701634
1331335622867423232
1331336172178714624
1331337278640177152
1331337282364862464
1331337282889150466
1331338415917457415
1331338419293868034
1331340806578376714
1331340808327483392
1331340808683999235
1331266457498480640
1331267020017467396
1331268176999571456
1331268740416061445
1331269288393576449
1331269855069220871
1331271003851337731
1331272128281231366
1331273260890267653
1331273261469081602
1331273826949361665
1331274964130013185
1331276138170044419
1331277899094241281
1331277904253128706
1331279036811718658
1331279611985096712
1331280189859328007
1331281360288239617
1331281360925945863
1331281364335943680
