1324217790161539074
1324221422563172354
1324226504759349253
1324226659243954179
1324228720576630786
1324141770981089280
1324143959854194690
1324144907653623809
1324186199485894657
1324187263228588034
1324229945728684035
1324229945992753152
1324230552153718785
1324234101755420672
1324235518385803264
1324239216713306119
1324240637059866624
1324240638901022721
1324242806945259521
1324243560644796417
1324155926975287298
1324157005070827521
1324158679306981380
1324159718512906240
1324160648746512386
1324161681522630657
1324164765065895938
1324165310425960448
1324169386769313794
1324212054220222464
1324212054488616960
1324212272403607553
1324212809949978630
1324173975337926657
1324175155451596801
1324175156546187264
1324182894814920704
