1323476654476414977
1323480660913238019
1323489124557479936
1323535514100736001
1323536655257604096
1323540163671347202
1323540752954138624
1323541321223725061
1323541886464860160
1323542450044981250
1323544890328850432
1323545477728608263
1323547265978540032
1323462202603507715
1323462677658767366
1323472243679113218
1323473847895625729
1323473848524746752
1323474375941611520
1323516735744475137
1323516736772075521
1323520089379860480
1323430435502870534
1323436041890635777
1323442439319777283
1323491961056104449
1323499120611438593
1323523366876258305
1323527026561609728
1323527644462292992
1323527645389180928
1323527646198706178
1323530080245612545
1323530081453498369
1323530608211976192
1323532426463903744
1323532426602307584
1323534283177254912
1323417230139416576
1323417230953095170
1323418534492426240
1323418535121616898
1323418535566233601
1323418911761682434
1323423045583712257
1323423475927756800
1323424379045249024
1323425281567154178
1323428093789437959
1323450856214208517
1323456288488116225
