1509866997357727747
1510007838407544840
1509804024685641734
1509911687687639044
1509917671567015938
1509919590406533125
1509896025733050373
1509900276597207069
1509928897655328776
1509928897659424769
1509932863529132035
1509933918757265438
1509937116742144017
1509884186303377412
1509839557415604227
1509845885227872258
1509739119840309257
1509698256871251979
1509706266637185026
1509707900683489284
1509707903178924036
1509744657349103618
1509750672895655939
1509752776871583744
1509756860576018458
1509787897032953861
1509787897922211847
1509796562699964417
1509798041456238598
1509798043276693522
1509801068812812300
1509819627374886921
1509829442591506442
1509832290494341121
1509969240220221443
1509972680543551488
1509972683034877957
1509973974297427970
1509978909105967107
1509981331102613508
1509982580342509569
1509983834800013313
1509848542797606913
1509852538077683715
1509860071907467269
1509862436609970208
1509684241486987264
1509688127790669830
1509761042951417868
1509771462542041090
1510017374128324621
1510024191801798665
1510025651377561601
1510028578293002245
1509941133404786698
1509941135199940616
1509947268384030721
1509948389634547728
1509952434629611522
1509953546820763654
1509776810824904708
1509958081882759170
1509714577096814596
1509722945605849094
