1309343567848988672
1309344127897595905
1309348556168331264
1309349136710488067
1309400436546433025
1309357465058770944
1309358006166061056
1309369027245072384
1309371102389444609
1309317499725307905
1309319633476829187
1309323674617548802
1309302208270405632
1309303147970457602
1309304541456691200
1309308073627070464
1309308074562379778
1309310162260422657
1309285011233943553
1309290337592991745
1309290338159386628
1309292091873263616
1309292538734485507
1309295111361175554
1309296484718788611
1309326771070922752
1309328150845894664
1309330349135220737
1309333598420512768
1309338728352100352
1309383771821502464
1309384853268299776
1309385893652967425
1309385893808017408
