1303136048160165894
1303137393961304064
1303147403952807936
1303149026200530945
1303236087087689729
1303238253793939456
1303238800416501765
1303155141462372352
1303159265750740992
1303160094926884865
1303161370863497217
1303123952143863808
1303132091647954944
1303186133808013312
1303193024684417024
1303195094418247680
1303197006362419200
1303197501160292352
1303198002450960384
1303199944359124992
1303203280835706880
1303206125064663040
1303211196573679616
1303213790733897728
1303214558660694016
1303215244924325888
1303217908781260800
1303225428266692609
1303166814118178816
1303167749880008705
1303172374339219456
1303174150207533057
1303175050892251136
1303175510034444289
1303175970178740224
1303176853226573824
