1308949467002015746
1308950359621029889
1308951224310312960
1308952081936650240
1308952082003582977
1308952490465992706
1308953755023364097
1308953755015163905
1308955899898232834
1308956336579698689
1308958068386996230
1308960506707927042
1308961342724796416
1308962181443211264
1308962609132044288
1308963033876779009
1308963461204901888
1308935778656038912
1308935778760822788
1308937001379524611
1308937450912350208
1308938277022568448
1308938706082988037
1308941311655936000
1308941746089402377
1308942697680560130
1308943779420831745
1308946814603796480
1308948094252470277
1308919757597536257
1308920170757394433
1308920171231408132
1308924382455173122
1308926193631145986
1308926193794768899
1308931928104501255
1308933618207805440
1308934070123008001
1308964387009392641
1308965323270479878
1308966685160939521
1308966685370613761
1308968525940260866
1308970369450213377
1308972673217818624
1308978928770592770
1308981496494067712
1308982799635017728
1308983527963267074
1308983711585701889
1308984191443521539
1308984655882989568
1308985055063298049
1308985055646228480
1308986001868705792
1308986954239836161
1308988390055051264
1308989731489939464
1308990697161330694
1308991166013214721
1308991166529048576
1308991642066710529
1308993002359140352
1308993554929385472
