1308242596993662982
1308244203164577793
1308245969494925312
1308247642623717376
1308250320741560321
1308204629826637830
1308204630149480448
1308206284445855746
1308225095123398657
1308226764053852165
1308228376340164608
1308234078202757122
1308234880296390656
1308234880443011077
1308237723254190080
1308239014902796293
1308239448207884289
1308289054467739653
1308295768642478082
1308296722569818115
1308299223587196928
1308273924858433536
1308278782759964673
1308280185519706112
1308212310922723328
1308217156140580864
1308218022457417729
1308222221169631237
1308254887550038016
1308259102100000770
1308262273216114689
1308263194830479361
1308265917420310530
1308269033498828805
1308269481475665920
