1313358834505854981
1313359284999057408
1313359285183635458
1313359285242351616
1313359723131936769
1313359723710693376
1313360152146317313
1313363655333826564
1313364548687073280
1313364548900982784
1313364991303708672
1313366335217233921
1313367273642446848
1313368187887525888
1313370058886770689
1313371379828482048
1313372280773201920
1313344923446382592
1313345349558300673
1313345756326227968
1313346937005850624
1313347314065575936
1313349430238535682
1313350291517890567
1313352035102650371
1313353336767168512
1313355862572851200
1313357544908185600
1313357544987992064
1313314010159362050
1313314824546381828
1313316044262473731
1313316044438745090
1313316044501471233
1313319425785778176
1313321572992577536
1313322008768380929
1313323325528010753
1313323786880475136
1313324685392666625
1313325115879428096
1313326031332282368
1313327856492179458
1313284054050054145
1313286709640077312
1313286709946220546
1313288969312825344
1313289402593030144
1313290249389342720
1313291574302957568
1313293730535796736
1313270238440423424
1313270238604152832
1313272327271075842
1313273501164335104
1313274336413876224
1313275191858999301
1313275611385933827
1313278911699202048
1313328312119365633
1313330112578957312
1313331009199407105
1313331476373610499
1313332820945694720
1313332821621190656
1313333688948551680
1313335770388795392
1313336198585184256
1313336198883024896
1313336613661888512
1313339063496142848
1313339939015196672
1313340757038698496
1313300189243797504
1313300965328642048
1313301413796216832
1313301413871734785
1313304958155055105
1313306103996985346
1313309026416029697
1313309073601900544
