1312920860618092545
1312921318027931648
1312921770601611264
1312922534438998016
1312922534543855618
1312924220339425280
1312925076757544963
1312925525153701888
1312925525321699328
1312926385011216384
1312927270764388352
1312928130634584064
1312928524823605250
1312928939334135808
1312930148455337986
1312931388643962881
1312931812163813378
1312931812885360640
1312934409465737217
1312935277640335361
1312951144445083648
1312951587887673344
1312952447942492161
1312952905029177344
1312953347041828865
1312953347016519682
1312953807735668736
1312954256757063680
1312954726561067008
1312955179239649280
1312956082248179712
1312956516769714176
1312956956701794307
1312957409585963008
1312957409833496576
1312957850063429633
1312958715801280512
1312959000485474311
1312959163006218240
1312959905284849665
1312961407634173952
1312961407801937920
1312962589849051137
1312962655011909632
1312963476902608896
1312963899449208832
1312964301192269824
1312965149804945408
1312965588449464322
1312966419907260416
1312966419991142400
1312967270675685376
1312967270981795841
1312968113915228161
1312968514295214080
1312968516090224640
1312969330158637058
1312969728604897281
1312969728982306816
1312970127537659904
1312970127944617985
1312970128112320512
1312972531150868481
1312972598368641024
1312973017861906433
1312973858962575361
1312973859688071169
1312974371468849152
1312975128138059776
1312975531827097601
1312975531902742528
1312976741372223488
1312977557088690176
1312977997482213376
1312978000745553920
1312978411707461632
1312978411711655939
1312978826570342400
1312980040666296320
1312980040875827206
1312907313674682370
1312907772078501891
1312907772149686273
1312908207271088130
1312908635576696835
1312909083926642689
1312909469257551875
1312909901211992064
1312910324828438530
1312910782137470976
1312910782238261249
1312912586262736897
1312913487769808896
1312913488201875456
1312914805079109634
1312915627666018305
1312916524852817925
1312917434853142528
1312918327027736576
1312918751587819526
1312919992627851270
1312936137795743746
1312936556815056896
1312937416152449026
1312939077466034178
1312939077516263424
1312939077998718977
1312939484317659136
1312939484594536448
1312939940519403520
1312941152488751104
1312942777303474176
1312944052581654528
1312944052661293056
1312944052791390208
1312944453829623813
1312945268048818176
1312945657095757824
1312946052392247296
1312948527622950912
1312949864112754688
1312949864209305600
