1319077298994204672
1319144566696673280
1319155580280492033
1319155581035438081
1319088524847697920
1319093383055499265
1319493122179563520
1319493704567181313
1319494275953008640
1319495394997329920
1319498313658474498
1319501747711143936
1319100905099120640
1319102277077114880
1319102749305270273
1319105574638809089
1319106540280766464
1319106540645847040
1319107563686928391
1319108037924294657
1319108955352813569
1319110816822681601
1319429382893699073
1319430284069093376
1319430735187509249
1319431232866775041
1319437212182863873
1319441548522696709
1319442010185543681
1319506363785965568
1319506363823710209
1319515148269256704
1319129390647738369
1319129391256031232
1319134772925468672
1319137172662804480
1319111293660442625
1319113250580189184
1319113251490308096
1319113771659464705
1319114323663507457
1319114904088072193
1319117628280082433
1319119320954359809
1319124220501254144
1319124221461729281
1319523196425670657
1319526828986535936
1319526830039166976
1319462733813788673
1319464428224630791
1319471766411087874
1319472127985201153
1319475049313742848
1319475477526933504
1319476324759687168
1319478542694969344
1319480242176692225
1319481155721195520
1319445294711513088
1319445294724091904
1319446643918491650
1319448410383175680
1319449743492325377
1319449743584579584
1319451023413567488
1319451460258717697
1319452731858427906
1319538026759028737
1319548990526947330
