1488196919360847874
1488198289564569600
1488200557907128323
1488200558322208771
1488205133209079809
1488016652549640195
1488016652520378369
1488024617176694784
1488028659479101445
1488135114140057600
1488136475879231489
1488137189418541056
1488142394583400453
1488144517056368640
1488147298420940807
1488147990686666754
1488148645409140737
1488029893514326016
1488032661453307906
1488036688475705344
1488039307747241993
1488041917271392257
1488104956641132544
1488105780117135360
1488105782470012928
1488108849412333568
1488109615145443330
1488109617397723139
1488111901380861955
1488115958799638538
1487988662608539655
1487988662692368386
1487988663568896000
1487992737261658116
1487993746478276614
1487993749690978305
1487997897165750273
1488151943876943884
1488151944564596736
1488153876696117250
1488153876729638914
1488153878440861698
1488155148845297667
1488159507901419523
1488159508807315466
1488160138221395968
1488229159323291650
1488229159847399426
1488230041704177668
1488231848241410048
1487956276172963843
1487956277384810500
1487959452460503049
1487959454465523712
1487963646072430592
1488080663614046209
1488081891056095235
1488088419263823875
1488001855003181056
1488001855854907392
1488007786332143616
1488008828847222784
1488013110334140416
1488214865579692037
1488218933026979841
1488220330225197063
1488222150213390340
1488181284396490752
1488181907120537603
1488181907309449216
1488185538020581383
1488185538255339524
1488190264904724480
1488190753146761216
1488191595266539520
1488192908406960129
1488193367670509570
1488194273514340357
1488166264291745792
1488166859979567108
1488167445387182080
1488169227945140228
1488171628240551939
1488171628768886784
1488173890933305344
1488173893219143688
1488174493432438797
1488174494800031747
1488177078163935236
1488177664812851202
1488123092471664646
1488127872984354821
1488128598405910529
1488129338885263363
1488129339631755268
1488130812310556675
1488131544044744705
1488251013480042504
1488089762808602625
1488094256229076993
1488096610647429128
1488099826172674050
1488044473791696902
1488048145997074433
1488052881404186629
1488054063853887493
1488056437637066753
1488058775638626307
1487939063478898693
1487939501330685953
1487940796619767808
1487941251328614400
1487942612304678917
1487943722847322116
1487943724588019716
1487946476957351936
1487951226016878596
1487972089395044352
1487972091576172546
1487978376740708355
