1480404884239364100
1480407008327073792
1480412077739020289
1480412078313820160
1480417003873521667
1480417004876185603
1480392603442966534
1480394039975235585
1480394040348708864
1480396816134770690
1480397507649806336
1480401301674639362
1480402698629488642
1480328759429451778
1480328759706324993
1480329258891415559
1480329786580996101
1480330304279568384
1480331971758862341
1480333476788375552
1480333986043936768
1480335039963578370
1480335556882034689
1480337722497662977
1480338307359854594
1480340058163003392
1480340620984078337
1480341184530821122
1480359073161826311
1480361164198481934
1480361164349521922
1480362612495982599
1480363109973995521
1480364160433246211
1480364162412781570
1480366754693988356
1480367280001269763
1480369671811604480
1480372205729030146
1480372207486308355
1480372853929357321
1480510709679239170
1480511872143142915
1480511874978525188
1480515990656098304
1480516575346282501
1480516576134770690
1480523169341575170
1480420699206418435
1480422804453421057
1480422805652979712
1480423493845938176
1480424165475639296
1480424165882712065
1480425646551617536
1480426465971765252
1480427234749915137
1480428687384326149
1480428688130732032
1480430733638479874
1480450038954405889
1480450771133079553
1480455094541897728
1480455819183415301
1480460048014921728
1480460683825147904
1480461392876429313
1480462768926953475
1480463493539110912
1480570781654556672
1480574688627765249
1480574688724201479
1480575511378149381
1480579648908005376
1480580372534489088
1480581566061547524
1480582317181710342
1480498247928107009
1480500691277918215
1480502330634158081
1480502899709030401
1480502899411075072
1480504101662253058
1480504720439623685
1480505306576740355
1480505926268309505
1480542491619348480
1480543352584130569
1480543783443914760
1480545488701165583
1480545488856301568
1480545918969647105
1480548930492502020
1480550171612221441
1480550579114070021
1480550579386687496
1480551430436102159
1480553061823266817
1480553453554393095
1480553454988771334
1480479919700418564
1480480616328175617
1480488274229612545
1480488948136824835
1480489647931277312
1480492898735075333
1480492899913678849
1480437786733957123
1480438498364641284
1480442321829347329
1480443079870005250
1480443854293712897
1480444606269444105
1480444607670411265
1480446176835035142
1480447740182089730
1480448543995408385
1480526370677706755
1480528584418611201
1480531160295952387
1480534066021769217
1480536193078992896
1480539589047504899
1480344581195640834
1480346901459386373
1480350766086901774
1480353293742215174
1480354381233012738
1480354905953083400
1480357536809291777
1480466419632517120
1480466420479582208
1480472561917988867
1480473311666655233
1480377352777576451
1480378606270369795
1480379894651822081
1480380519414124545
1480382363712438273
1480382996997943298
1480383620053225472
1480384227413671936
1480386115412832259
1480556379291193350
1480556802701807617
1480558385309310985
1480561727070744576
1480561726940667911
1480563493023588357
1480563938479722502
1480566692359114761
1480566692593823745
1480568496182501377
1480569888838139905
