1481415964650467331
1481417261478985735
1481419471579488260
1481423389105393664
1481424286162292742
1481425610820009991
1481426064232562696
1481426064639348736
1481428363986231302
1481435993962070016
1481438632074711040
1481439885328277505
1481440760981602308
1481443371449298949
1481445150182166531
1481445150668857346
1481446857125597185
1481447296730636291
1481448189483962368
1481453682860437509
1481453683275620352
1481456655070081026
1481459172952748033
1481460089450110976
1481476402134364167
1481481915895259136
1481484265804107776
1481484265741336577
1481485630991474688
1481487571301847044
1481488570221269000
1481461479421267969
1481464800161185795
1481465747704533000
1481465747729793029
1481473795328462853
1481475524576829441
