1481817728826568706
1481817729082728451
1481817728855982080
1481818024219136004
1481819552631635976
1481822068731781122
1481822115871535104
1481779077488865280
1481789303936143365
1481790996127961089
1481793120404754439
1481825265349427203
1481825265722527748
1481830057609945091
1481831372784287747
1481833640950644738
1481835033145061380
1481835033463713794
1481836945609269252
1481886523033526274
1481889444500508673
1481890601725485056
1481894169383620612
1481894169853505538
1481895346695458817
1481793554531995649
1481802159838617602
1481803033738727427
1481806324585353219
1481807171797008388
1481841881742991363
1481842894130626561
1481855531358703618
1481859226494451713
1481867537524858880
1481868788865933313
1481871652765913088
1481872748414742529
1481877960248512512
