1480739239906234368
1480740504555847680
1480742706624163840
1480747861213995008
1480721598323822598
1480726468309225475
1480727216367546369
1480728051939950598
1480733038476726273
1480715855935991810
1480715856472645638
1480718366545522695
1480691525184995334
1480697177789931527
1480701979416567810
1480703571049865218
1480782593909952513
1480784542935908354
1480787890695065600
1480788343029915649
1480789342574755840
1480789840388136961
1480789840677548037
1480789841486901248
1480794409289539588
1480754213340979208
1480754213466615812
1480755133034106882
1480756012772921346
1480758152295505920
1480759905745133568
1480762501583314944
1480764208073654272
1480767134653374466
1480768908114243588
1480775805819138050
1480780285499301889
1480781152562528260
