1488397177072222208
1488405713437306880
1488415275431219200
1488335071547465729
1488336970950578180
1488336971181473793
1488341020332990469
1488344106426372096
1488306966694752260
1488310034618486784
1488423597873971200
1488428104775311366
1488428817098379264
1488433216943964164
1488456807098068992
1488459082205851648
1488462024845799427
1488464114892644353
1488354524506963970
1488355987648090117
1488318374035787781
1488318874512592896
1488328912870465540
1488367655970955265
1488438499783151617
1488439923086667777
1488442005705220096
1488443442254561283
1488444187011948544
1488479070161625091
