1494197287773483009
1494147308958588928
1494147310061826049
1494152215090679812
1494157159487135744
1494157159625592832
1494170342914502657
1494170344462114819
1494173847586811905
1494211728447459332
1494211728778743810
1494182956428324864
1494182957480747008
1494130440415944706
1494135874157793284
1494236794870763520
1494237406312247297
1494241661697863680
1494245753459384323
1494118317757546498
1494124172892585987
1494128632901423109
1494100576019402759
1494101426221555712
1494104732083929088
1494106553028390915
1494108143546081283
1494109906257031171
1494109907263668225
1494114169964175362
1494114171071442949
