1489452903295238145
1489526921419497473
1489538653290442755
1489569747645898753
1489571208131747840
1489576112694960129
1489581530313809923
1489582832645202017
1489582832687140868
1489495472091897857
1489501824063361028
1489422787886272516
1489425592902635526
1489428164892041216
1489428482228637704
1489428483163901955
1489430063661600776
1489430846998482944
1489432952412905473
1489437239360770054
1489437871883063298
1489441395114868737
1489444407216590849
1489540814036520962
1489549429065486337
1489550261219921923
1489464233674768384
1489473114140549123
1489475060956024836
1489478854171574275
1489484513571131395
1489493466958614528
1489555073927626755
1489555787836182531
1489568323402612736
1489568324187201538
1489412916017254405
1489414338788179970
1489415116500180996
1489513348140048387
1489389784539750409
