1494634115164999716
1494661281621721094
1494665022630506498
1494665024962699264
1494665025986113537
1494665717576261643
1494666501722357761
1494668710736535561
1494671830984052736
1494523997853204480
1494529234634694660
1494560016405352477
1494507395489284096
1494467790740328456
1494472045178109953
1494492389800431619
1494504392833310726
1494604840374358016
1494609371862495235
1494479000680517635
1494568006739021836
1494548943622983680
1494677554124447751
1494679488503984131
1494683295539363842
1494619674792935429
1494626654748033024
1494642844115423234
1494642844476313627
1494643639926067200
1494651644440719363
1494651644788813835
