1493238726478249988
1493239525124018178
1493240384742436865
1493240384897658887
1493241230355943424
1493242977589899265
1493242977656868864
1493246421943959552
1493246423835545600
1493247339925884932
1493248201897431046
1493250028491657216
1493251753885773836
1493251753986375688
1493252610849230848
1493363048521904128
1493370446896631808
1493331745667792901
1493334493268164608
1493338077288353798
1493338078500564998
1493339871276118022
1493038421534654466
1493039485679931393
1493284906847420418
1493285187756560385
1493286637715046407
1493288430314262534
1493291927869050881
1493292815190663173
1493294683979722755
1493295586434506752
1493297489281261572
1493209076435673102
1493211348922159105
1493211350004375553
1493211572029857802
1493212396978163712
1493213419901788161
1493213420837273606
1493213421361377287
1493213421160083457
1493215410795200514
1493216425611309064
1493217388262744068
1493218394836983812
1493219369614258179
1493219370251829258
1493222293098487811
1493222294738640900
1493257100583227393
1493257100675350530
1493257101950570502
1493258878850846721
1493259865401212932
1493261768935759882
1493263576576012290
1493263578245304320
1493266239979810818
1493266240009383938
1493300164987133960
1493301087968894978
1493302864273457158
1493305550259556356
1493309265389490179
1493309266127736839
1493310216099618817
1493312031478493184
1493312995333750784
1493043998214311937
1493046496182288385
1493047810886828047
1493051665125097475
1493269820342603776
1493269820330156032
1493271601315385349
1493271601957191682
1493272428348387328
1493272429464064001
1493272431779360769
1493274152144457733
1493274150705586176
1493278579123236868
1493279503174438912
1493280411765645312
1493280412084310016
1493281331572350982
1493282242080251906
1493013125309865993
1493015927566315526
1493020658686566403
1493023884609826819
1493027127771353089
1493348482891100161
1493352009977765895
1493357661445935105
1493358412784029699
1493359177342795776
1493127450922045441
1493163459722158081
1493169913166540809
1493106120906326016
1493112667367624706
1493112668697219073
1493195826964967425
1493199678116032515
1493199680272048133
1493200958859649026
1493202233902702597
1493203429598150656
1493204573279772673
1493205727502028805
1493150610690134017
1493161966319411203
1493316762347134989
1493317705260273673
1493320343007678467
1493323073281351680
1493323075466801154
1493323749365534729
1493329064316354561
1493329066514161668
1493224105310662656
1493225912887754752
1493225913504440328
1493225912980357120
1493228760816050179
1493231551051702273
1493232453024112643
1493234273247240192
1493236060649705474
1493237860446572545
1493237860832403457
1493073655055908864
1493079084582293507
1493083233780703232
1493086255554478082
1493093483443208195
1493093488518627331
1493096604701712386
1493101352091856896
1493181054668185603
1493182626575925257
1493182628706807810
1493185735746330628
1493187202217558016
1493188769456922624
1493188773269893122
1493191715934842881
1493193058216730630
1493193060636893192
1493064866873044993
1493071072496807937
1493134296366067712
1493144095333699589
1493145753421852681
