1493771074491740160
1493773800067919872
1493774491658465280
1493830356683960321
1493830356201795584
1493830359460503554
1493738809783046147
1493741897054969862
1493743504756928517
1493745882696617987
1493746719011577858
1493751890735210497
1493783651900801028
1493783652869849088
1493787362933022721
1493790336505847809
1493793687058661380
1493794419249594370
1493796143502872578
1493850308660785152
1493851419371311111
1493855751911055362
1493856777758203907
1493856778269851648
1493752738873856000
1493754381795274755
1493756903851282450
1493758509900435460
1493763432344014858
1493765387032297477
1493862714971668483
1493868092317118475
1493869094977769473
1493870107084435456
1493870108510466056
1493937893290741763
1493938645719568390
1493939964664500232
1493943300348428288
1493943973953650690
1493947213881483268
1493947214527406083
1493814485643112452
1493818394134646784
1493905144320118785
1493905144962248706
1493905999085719553
1493908463646392322
1493909352922685441
1493909353568645121
1493915149660569602
1493915937879252993
1493915938701328392
1493798391859400706
1493800025868095492
1493801709553930244
1493804392323166211
1493804471075307520
1493808491995152387
1493809188870533121
1493872979914149889
1493876960807866369
1493879957646450690
1493882047630557185
1493884076134182915
1493890617960804355
1493890618174541825
1493894467396734980
1493895441745907718
1493896346218250248
1493898188813746176
1493899084905816067
1493902610335932420
1493921367171174400
1493921367841927169
1493927445447454724
1493930966796029954
1493931582524211204
