1351576352386760704
1351581288331882498
1351666118251880450
1351666726115684355
1351670967832088576
1351675139931463681
1351426609799069698
1351428999822585856
1351429001126920193
1351429840424075264
1351512129644367875
1351439334579318784
1351439613110448128
1351440625477046272
1351441143712546821
1351441897944969216
1351370881164050436
1351375225816944642
1351375930078466049
1351377357479817225
1351395324477149188
1351399010775552001
1351399950962348032
1351405484922834944
1351344809982652418
1351470996210016256
1351620740894908418
1351620741029126146
1351622430813519872
1351623584310046720
1351625334001696774
1351625334328881157
1351629862616920065
1351631645133168641
1351634005670518785
1351357688920289282
1351381235772268547
1351381239677202432
1351383684729823233
1351386125131149319
1351386911429062656
1351386914897752065
1351389254153342978
1351390986916818944
1351322249614262274
1351324588244922371
1351454391900008448
1351454392545775618
1351458553224171521
1351459979899891712
1351462092377874432
1351463454356500480
1351466101142650881
1351491981067878400
1351639237007994882
1351642226154237952
1351642229018931201
1351644551283412992
1351546740793626627
1351547356861313024
1351549767600513027
1351552074899722243
1351527627169943554
1351651613866393600
1351651614331908096
1351651615871217664
1351652183779864576
1351652185126395905
1351653326383886336
1351655091837808648
1351655095524614147
1351655679141044227
1351656877625466884
1351657481911545856
1351658068367581187
1351658642618142723
1351659802036822016
1351660070711529475
1351660362928582660
1351660362886766594
1351660363113226240
1351660363293491200
1351660363754987524
1351660363964690434
1351660366397366279
1351660366925860865
1351660921186377733
1351660921379291140
1351660921584824320
1351660921807020111
1351661478508720128
1351661478819069952
1351662054583775233
1351662614745640961
1351663189453377537
1351663189566648333
1351663189713305601
1351663191181283332
1351410547900768256
1351414079714254848
1351414983142334464
1351415859055456256
1351415860473245696
1351418689602662401
1351424090754543617
1351560471816540161
1351572753598582787
1351573348917018624
1351606356780974085
1351606919404933134
1351607489142337537
1351610956657397764
1351610958108508162
1351611534426963968
1351612123923828744
1351612694277840897
1351613860583673856
1351616742578135042
1351618451371143168
1351619014976544774
