1350986607717998601
1350990621918572547
1350991293623754753
1350994466484736003
1350995122301841410
1350995796318150656
1351228333158227971
1351233022297853963
1351239491240013832
1351002686242615299
1351003400465473538
1351003403770597378
1351006180919959552
1351007555686952961
1351008295679647745
1351011945751699457
1351012701204578307
1351015670549516290
1351015671577141248
1351016410156326912
1351016410978406404
1350956819808706564
1350961473976152065
1350963808244801538
1350963809670803460
1350967538230898688
1350967538528694272
1350968130718343171
1350968132731592709
1350968762300837893
1350968763135496194
1350968766146949125
1350969980234444800
1351167591222566912
1351173347925774339
1351077113206607872
1351080826096791553
1351084151278084096
1351223699115036678
1351209807278190593
1351210373802811401
1351210374582972432
1350972421449379841
1350972423206789126
1350973069859450882
1350975074824810504
1350977690032087042
1350978322696691713
1350978910184464388
1350978912977825794
1350979535311929355
1350982722093772806
1350983335321989122
1351107081143799810
1351120152692224000
1351121502859644938
1351156744555270145
1351156744941170695
1351156745595400192
1351157933510451201
1351160374503108609
1351166400304472066
1351244896502480898
1351248839433445378
1351249422781468676
1351249998176940032
1351260709506613248
1351263117053988866
1351268595272187904
1351065835717206016
1351072380626546688
1351306360403750913
1351314825062744066
1351016554230591489
1351017149809254400
1351021068849475584
1351026507112738827
1351029006020337664
1351182768714215436
1351184482406170627
1351190987268370433
1351287436089942018
1351125307579895813
1351125940760424453
1351037112741670921
1351038314544050178
1351040122817536004
1351147306956021764
1351092266857861122
1351093544363188224
1351096234367447041
