1367022248549302274
1367023984366157832
1366916420651520001
1366917026753568772
1366918192619282432
1366918779612012547
1366919359113887747
1366919951420948481
1366919952087715842
1366919950657613824
1366922840893751308
1366923974903431168
1366924593135575042
1366925181357338624
1366925750453104646
1366926896668307456
1366929804881244161
1366981184685629440
1366986633371869186
1366989477160382466
1366991296687001605
1366932103552589825
1366937323179446273
1366937325008158722
1366941498093297671
1366941498248474625
1366944365235511301
1366945562415759360
1367037226304028680
1367040925881483265
1367043593291112450
1366947415425757185
1366948045791911944
1366948683502153733
1366949309770575872
1366949311037194244
1366949313000198152
1366949313453191174
1366949934986051592
1366950556753825796
1366951188214603776
1366952997226352640
1366954783802753025
1366955401850331141
1366955402773069826
1366957944076664837
1366959954473725956
1367011987788595203
1367012932199059456
1367012933625118723
1366901965146517505
1366902530240704513
1366911803469557760
1366915290773131265
1367003536915984384
1366961928585834497
1366962598940401664
1366963262122831874
1366963263741648899
1366964704170577920
1366968285678370816
1366968998064234497
1366970437033488390
1366973277105754112
1366973996831412224
