1371496230723977221
1371498025776992266
1371499177469997060
1371501468893712385
1371502630070009863
1371505055803772928
1371447117798109187
1371449720095215617
1371451609692176384
1371452861536669696
1371457832483233799
1371349545720889344
1371349547478310915
1371311418901987330
1371312455754862604
1371314639321980941
1371315702632640512
1371315705317003266
1371316731600203776
1371316731843538948
1371316741289168897
1371318763988078594
1371319834642849792
1371320955016912902
1371320957042839552
1371323267378769922
1371324420900356101
1371461531355865094
1371465291671203848
1371466428017037317
1371469014107578369
1371470268082847748
1371470897903775747
1371471523886825479
1371475214752702470
1371326773305208835
1371327971802288132
1371327972427366403
1371327973807304704
1371333134181040130
1371334380338118656
1371338224371699712
1371385950161489921
1371385952942317569
1371386962255474691
1371388004779110400
1371389011500077057
1371390903567458305
1371392818871201792
1371392819353554944
1371396412559269888
1371416945854181378
1371422916802412546
1371422917276413952
1371423609059639304
1371424942470787072
1371355648819073024
1371361282075500557
1371362420879462400
1371362423211315201
1371363583200727040
1371367016444084226
1371368088533356548
1371370297019015168
1371295795308339202
1371296522634203139
1371298890209759234
1371299667150041091
1371300534645354498
1371300538122338308
1371301400802643969
1371302268373504001
1371303150464901121
1371303153396633604
1371303155665805321
1371303978462453760
1371303985668182018
1371304752517152774
1371304753896980482
1371304754379382784
1371304754488430595
1371304756443033602
1371305597858025477
1371305601729318920
1371305602614317061
1371305602794745864
1371306505434058756
1371306505887084545
1371307441229471745
1371309467392995328
1371280522383527938
1371281328138690561
1371281330164658184
1371281330223349765
1371281331364057088
1371282119071268868
1371283764966490112
1371284615202172931
1371284617014181891
1371284617408389120
1371286179681865738
1371286990663118849
1371291014623821830
1371291830168346627
1371291830747328513
1371293481012969476
1371433945858990083
1371435259196289024
1371439890110504962
1371440569138999298
1371445206055219200
1371445864066117633
1371571496653615114
1371572107897835520
1371572107931422722
1371578127634337797
1371579770299908096
1371579771201716231
1371581483270471688
1371265452303904769
1371265453167886336
1371265453612539908
1371266186248384515
1371266953369825281
1371266953457860609
1371268423481749512
1371269135942975489
1371272316890529793
1371273147115315202
1371273147710795776
1371273995639656454
1371274843488874497
1371274845456105475
1371276540869292035
1371278125926117381
1371278941516750848
1371278941697179653
1371278943639207937
1371588798711263235
1371589435834400770
1371589436476157959
1371590684831055874
1371607735796654085
1371610292757487620
1371400976431788032
1371402717369880576
1371406195853041664
1371407807157825536
1371410245667332101
1371413858959552516
1371414873637150720
1371551822146592772
1371558266933800964
1371559481205784578
1371563078542786560
1371565485003739136
1371566668128817155
1371508534769242116
1371513268473360388
1371516833724051458
1371519823109365765
1371476459693486081
1371480150219579392
1371483679290236928
1371484295802494978
1371487783785803777
1371489010506424327
1371537009777332227
1371537010234626050
1371537637132091392
1371538253803835407
1371540621681393665
1371542439211773954
1371543633409814528
1371544205194104836
1371548213904355330
1371524446423556100
1371526294438080513
1371527532504354828
1371532637634973704
1371371236614406146
1371371242670936071
1371373349847379968
1371373350702964736
1371377766432669696
1371379830655225856
1371380884901871617
1371381930583863300
1371384003417243649
1371384003966681090
1371249958049955842
1371252169110917120
1371252899834044417
1371255827500175361
1371261662846619652
1371262417964044290
1371262419339595776
1371262420879093763
1371264677066514435
1371264678517739523
