1372091703541297155
1372100543481585664
1372108141589114880
1371990141883969539
1371996949428142081
1371998931010338823
1372000362735968257
1372001769300054016
1372003212547489792
1372003931581255681
1372067733232259073
1372075249030721543
1372060482169880580
1372113119313530882
1372119049283514368
1371982314545291265
1371986975536734208
1371988909979279362
1371989528601313283
1372008342852304896
1372009077820243974
1372009080617844738
1372011905536159748
1372017302141603841
1372020910828396547
1372021680885882880
1372025633178591240
1372027203559452673
1372028748313194496
1372033701333307393
1372034564558848006
