1366195645309202432
1366198326924820482
1366198327709224960
1366200949119750144
1366201812018204679
1366205094375555072
1366437930135339009
1366439108592103426
1366443311062519809
1366446206067617797
1366448046343680006
1366388214227943427
1366398071748370435
1366401334937804811
1366402640930869259
1366224958423257090
1366234010620428289
1366449297705721857
1366449918966128642
1366453469561958403
1366457074868244488
1366458972333481984
1366460899414917132
1366462213393944580
1366236809932328961
1366240657711407106
1366245762502438912
1366247921835008001
1366247929598664716
1366249022877560832
1366249024433647618
1366511891602898946
1366512535088865282
1366513005958201347
1366513639147134980
1366514888277909508
1366520024119263235
1366523419420950529
1366499777622536192
1366504202583818248
1366329837124730881
1366330155342381058
1366332630464086017
1366336096603365378
1366337723322277893
1366338577848823809
1366340263702974464
1366282252225630209
1366286867746947072
1366290153099177987
1366293290157449218
1366295454774743041
1366404547556429830
1366405792845471744
1366405795261411329
1366406434896809984
1366407079666319365
1366408344274145282
1366408947343712257
1366414986327830534
1366417404134383619
1366186637068173314
1366188415159533568
1366188419236438018
1366190250746281985
1366191186092855296
1366191187053473793
1366342641064042501
1366346108440567812
1366349498847358981
1366351695232589825
1366352419525971977
1366356615071477762
1366424840157229067
1366432577469440000
1366257204878143491
1366259518959738882
1366260749476106243
1366270581105025027
1366272896583278593
1366277465568514052
1366297560307142659
1366303493083049984
1366305529946132480
1366524823178993664
1366526904329715714
1366531262668828672
1366535808652615680
1366537335823826945
1366483849279131650
1366488027057520640
1366491042028085264
1366466780701540355
1366477255506096131
1366210666248421378
1366211770994556928
1366212596685275137
1366213471680012296
1366215188769345536
1366216072324648960
1366216971558264842
1366217905503928322
1366219641098502149
1366219643250212865
1366220495742373888
1366221394283962372
1366373965011316742
1366375973265022978
1366375973642514441
1366376666096885761
1366377329728102402
1366381251725262849
1366312433485303812
1366313359352725505
1366318133036933122
1366319118635331585
1366322770464956417
1366322773065367553
1366325452416167937
1366367832242458624
1366368498004426756
1366370505377333254
