1371891945086328837
1371896121027608584
1371628839579783171
1371633451795877891
1371636771730120707
1371725391841259520
1371730560809267204
1371735644112891904
1371736695167680512
1371740465347854349
1371743177070182400
1371668432790327299
1371899700006248458
1371904588035489792
1371905850412007425
1371751180003639296
1371751180389343233
1371757703610122244
1371762182871003136
1371827838668652549
1371829049857867781
1371832620619812868
1371837839328079880
1371703240077709314
1371706779873075201
1371842385693540353
1371842911332106247
1371845223945474055
1371763655214297088
1371764588484698114
1371768706213220354
1371768709035999233
1371776434189000708
1371855819617230849
1371859835038298112
1371868248405381120
1371954500068470787
1371643945143443457
1371653305861074945
1371655257994919938
1371657446796767235
1371676650123976704
1371966043002785797
1371966654024912905
1371967235539968002
1371968491876622336
1371969731863982082
1371970349655547905
1371970967879098375
1371915071878623234
1371919997438730245
1371821826477801474
1371872530881994758
1371880416345481216
1371881010825195523
1371882813868404748
1371883385950511105
1371779282557603841
1371781356573757440
1371781357576290305
1371782076538613766
1371782742103486468
1371788087685218304
1371788088985411587
1371788089593536517
1371788091925491713
1371788739266158592
1371791369937715201
1371792600630501381
1371620242145808390
1371797510033977345
1371803160730202120
1371694960240599041
