1366721362732191745
1366721364636303363
1366722062430199816
1366730216186462209
1366798832454017026
1366799451415838723
1366800084835385352
1366806180740358147
1366807986446999552
1366596741873754114
1366841885478834178
1366842184746598400
1366852812420825096
1366855225018114048
1366675866214891521
1366677012061048835
1366698753051267072
1366699582621700098
1366702198911086595
1366702200509124611
1366702202513858563
1366704754991255557
1366645371573850114
1366659268749889540
1366659268955549698
1366813006034780160
1366821739519299587
1366821740261888010
1366822354161131521
1366706362932224017
1366708792151449610
1366709569980932100
1366711064927248386
1366712496971677700
1366712497907073028
1366713264671981571
1366713267788394496
1366714804908535811
1366719231891488768
1366569023358570497
1366569024998371330
1366855819430563844
1366860541675724802
1366870144052510724
1366875075639709700
1366879287522062337
1366776681772568580
1366776682502385665
1366750474687418377
1366752333636526086
1366753570410889222
1366754831826903042
1366759170922455043
1366764594669228034
1366836054636990464
1366614430163689472
1366618028515844099
1366672052401405952
1366673042647240706
1366781539468668929
1366783901167976450
1366783901503549445
1366785234629443597
1366735606580207617
1366736877487849477
1366738136173338628
1366739437594509312
1366739438907379716
1366740045349158926
1366740655607840770
1366744924528369667
1366745504462360583
1366746687591620613
1366747333933871111
1366749230975614979
1366749234381357056
1366559682903629828
1366560370123558918
1366561828210368515
1366888434116161536
